# 2p  3  2  1  0   425
0.104167E-02 0.831078E-05
0.114846E-02 0.977371E-05
0.126620E-02 0.115524E-04
0.139601E-02 0.137332E-04
0.153913E-02 0.163991E-04
0.169693E-02 0.196506E-04
0.187090E-02 0.236103E-04
0.206271E-02 0.284267E-04
0.227418E-02 0.342805E-04
0.250733E-02 0.413906E-04
0.276438E-02 0.500227E-04
0.304779E-02 0.604990E-04
0.336025E-02 0.732099E-04
0.370475E-02 0.886285E-04
0.408457E-02 0.107328E-03
0.450332E-02 0.130002E-03
0.496501E-02 0.157491E-03
0.547403E-02 0.190810E-03
0.603523E-02 0.231189E-03
0.665397E-02 0.280113E-03
0.733614E-02 0.339375E-03
0.808825E-02 0.411141E-03
0.891747E-02 0.498025E-03
0.983170E-02 0.603175E-03
0.108397E-01 0.730387E-03
0.119509E-01 0.884226E-03
0.131762E-01 0.107018E-02
0.145270E-01 0.129484E-02
0.160163E-01 0.156611E-02
0.176584E-01 0.189346E-02
0.194687E-01 0.228821E-02
0.214647E-01 0.276386E-02
0.236652E-01 0.333654E-02
0.260914E-01 0.402537E-02
0.287664E-01 0.485309E-02
0.317155E-01 0.584656E-02
0.349670E-01 0.703751E-02
0.385519E-01 0.846325E-02
0.425043E-01 0.101675E-01
0.468619E-01 0.122014E-01
0.516662E-01 0.146242E-01
0.569631E-01 0.175046E-01
0.628030E-01 0.209218E-01
0.692416E-01 0.249661E-01
0.763404E-01 0.297403E-01
0.841669E-01 0.353601E-01
0.927958E-01 0.419551E-01
0.102309E+00 0.496685E-01
0.112798E+00 0.586569E-01
0.124362E+00 0.690892E-01
0.137112E+00 0.811448E-01
0.151169E+00 0.950102E-01
0.166667E+00 0.110874E+00
0.183754E+00 0.128923E+00
0.202593E+00 0.149330E+00
0.223363E+00 0.172246E+00
0.246262E+00 0.197790E+00
0.271509E+00 0.226027E+00
0.299345E+00 0.256962E+00
0.330034E+00 0.290511E+00
0.363869E+00 0.326496E+00
0.401174E+00 0.364618E+00
0.442302E+00 0.404452E+00
0.487648E+00 0.445435E+00
0.537642E+00 0.486862E+00
0.592762E+00 0.527879E+00
0.653532E+00 0.567485E+00
0.720533E+00 0.604536E+00
0.794403E+00 0.637780E+00
0.875846E+00 0.665910E+00
0.965639E+00 0.687648E+00
0.106464E+01 0.701843E+00
0.117379E+01 0.707570E+00
0.129412E+01 0.704208E+00
0.142680E+01 0.691501E+00
0.157308E+01 0.669583E+00
0.173435E+01 0.638974E+00
0.191216E+01 0.600549E+00
0.210819E+01 0.555484E+00
0.232433E+01 0.505199E+00
0.256262E+01 0.451287E+00
0.282534E+01 0.395445E+00
0.311500E+01 0.339401E+00
0.343436E+01 0.284832E+00
0.378645E+01 0.233277E+00
0.417464E+01 0.186048E+00
0.460263E+01 0.144153E+00
0.507450E+01 0.108230E+00
0.559474E+01 0.785209E-01
0.616832E+01 0.548812E-01
0.680070E+01 0.368337E-01
0.749792E+01 0.236545E-01
0.826661E+01 0.144793E-01
0.911412E+01 0.841225E-02
0.100485E+02 0.461711E-02
0.110787E+02 0.238156E-02
0.122145E+02 0.114779E-02
0.134667E+02 0.513508E-03
0.148474E+02 0.211713E-03
0.163695E+02 0.797854E-04
0.180478E+02 0.272350E-04
0.198980E+02 0.833622E-05
0.219380E+02 0.226240E-05
0.241871E+02 0.537698E-06
0.266668E+02 0.110390E-06
0.294007E+02 0.192817E-07
0.324149E+02 0.281740E-08
# 2s  2  2  0  0   421
0.104167E-02 0.650935E-02
0.114846E-02 0.717143E-02
0.126620E-02 0.790033E-02
0.139601E-02 0.870268E-02
0.153913E-02 0.958574E-02
0.169693E-02 0.105575E-01
0.187090E-02 0.116266E-01
0.206271E-02 0.128026E-01
0.227418E-02 0.140959E-01
0.250733E-02 0.155178E-01
0.276438E-02 0.170807E-01
0.304779E-02 0.187980E-01
0.336025E-02 0.206843E-01
0.370475E-02 0.227555E-01
0.408457E-02 0.250287E-01
0.450332E-02 0.275226E-01
0.496501E-02 0.302571E-01
0.547403E-02 0.332537E-01
0.603523E-02 0.365356E-01
0.665397E-02 0.401274E-01
0.733614E-02 0.440553E-01
0.808825E-02 0.483471E-01
0.891747E-02 0.530321E-01
0.983170E-02 0.581409E-01
0.108397E-01 0.637054E-01
0.119509E-01 0.697583E-01
0.131762E-01 0.763330E-01
0.145270E-01 0.834628E-01
0.160163E-01 0.911808E-01
0.176584E-01 0.995185E-01
0.194687E-01 0.108505E+00
0.214647E-01 0.118167E+00
0.236652E-01 0.128525E+00
0.260914E-01 0.139593E+00
0.287664E-01 0.151377E+00
0.317155E-01 0.163870E+00
0.349670E-01 0.177053E+00
0.385519E-01 0.190887E+00
0.425043E-01 0.205314E+00
0.468619E-01 0.220247E+00
0.516662E-01 0.235571E+00
0.569631E-01 0.251134E+00
0.628030E-01 0.266743E+00
0.692416E-01 0.282158E+00
0.763404E-01 0.297088E+00
0.841669E-01 0.311182E+00
0.927958E-01 0.324029E+00
0.102309E+00 0.335154E+00
0.112798E+00 0.344015E+00
0.124362E+00 0.350006E+00
0.137112E+00 0.352462E+00
0.151169E+00 0.350667E+00
0.166667E+00 0.343871E+00
0.183754E+00 0.331307E+00
0.202593E+00 0.312221E+00
0.223363E+00 0.285906E+00
0.246262E+00 0.251744E+00
0.271509E+00 0.209257E+00
0.299345E+00 0.158163E+00
0.330034E+00 0.984332E-01
0.363869E+00 0.303570E-01
0.401174E+00 -.454074E-01
0.442302E+00 -.127788E+00
0.487648E+00 -.215274E+00
0.537642E+00 -.305916E+00
0.592762E+00 -.397347E+00
0.653532E+00 -.486835E+00
0.720533E+00 -.571365E+00
0.794403E+00 -.647770E+00
0.875846E+00 -.712905E+00
0.965639E+00 -.763880E+00
0.106464E+01 -.798301E+00
0.117379E+01 -.814513E+00
0.129412E+01 -.811781E+00
0.142680E+01 -.790407E+00
0.157308E+01 -.751736E+00
0.173435E+01 -.698075E+00
0.191216E+01 -.632515E+00
0.210819E+01 -.558683E+00
0.232433E+01 -.480464E+00
0.256262E+01 -.401698E+00
0.282534E+01 -.325904E+00
0.311500E+01 -.256033E+00
0.343436E+01 -.194283E+00
0.378645E+01 -.141996E+00
0.417464E+01 -.996393E-01
0.460263E+01 -.668894E-01
0.507450E+01 -.427905E-01
0.559474E+01 -.259727E-01
0.616832E+01 -.148867E-01
0.680070E+01 -.801533E-02
0.749792E+01 -.403075E-02
0.826661E+01 -.188125E-02
0.911412E+01 -.809221E-03
0.100485E+02 -.318346E-03
0.110787E+02 -.113560E-03
0.122145E+02 -.363843E-04
0.134667E+02 -.103605E-04
0.148474E+02 -.259128E-05
0.163695E+02 -.561885E-06
0.180478E+02 -.104107E-06
0.198980E+02 -.162186E-07
0.219380E+02 -.208683E-08
0.241871E+02 -.217417E-09
0.266668E+02 -.179426E-10
0.294007E+02 -.114401E-11
# 1s  1  1  0  0   350
0.104167E-02 0.285402E-01
0.114846E-02 0.314430E-01
0.126620E-02 0.346389E-01
0.139601E-02 0.381568E-01
0.153913E-02 0.420286E-01
0.169693E-02 0.462893E-01
0.187090E-02 0.509769E-01
0.206271E-02 0.561333E-01
0.227418E-02 0.618039E-01
0.250733E-02 0.680385E-01
0.276438E-02 0.748913E-01
0.304779E-02 0.824214E-01
0.336025E-02 0.906927E-01
0.370475E-02 0.997750E-01
0.408457E-02 0.109744E+00
0.450332E-02 0.120680E+00
0.496501E-02 0.132672E+00
0.547403E-02 0.145814E+00
0.603523E-02 0.160209E+00
0.665397E-02 0.175963E+00
0.733614E-02 0.193194E+00
0.808825E-02 0.212023E+00
0.891747E-02 0.232579E+00
0.983170E-02 0.255000E+00
0.108397E-01 0.279424E+00
0.119509E-01 0.306000E+00
0.131762E-01 0.334875E+00
0.145270E-01 0.366200E+00
0.160163E-01 0.400125E+00
0.176584E-01 0.436795E+00
0.194687E-01 0.476348E+00
0.214647E-01 0.518909E+00
0.236652E-01 0.564587E+00
0.260914E-01 0.613463E+00
0.287664E-01 0.665588E+00
0.317155E-01 0.720971E+00
0.349670E-01 0.779569E+00
0.385519E-01 0.841274E+00
0.425043E-01 0.905902E+00
0.468619E-01 0.973178E+00
0.516662E-01 0.104272E+01
0.569631E-01 0.111403E+01
0.628030E-01 0.118646E+01
0.692416E-01 0.125923E+01
0.763404E-01 0.133138E+01
0.841669E-01 0.140180E+01
0.927958E-01 0.146921E+01
0.102309E+00 0.153214E+01
0.112798E+00 0.158899E+01
0.124362E+00 0.163806E+01
0.137112E+00 0.167753E+01
0.151169E+00 0.170560E+01
0.166667E+00 0.172047E+01
0.183754E+00 0.172054E+01
0.202593E+00 0.170440E+01
0.223363E+00 0.167104E+01
0.246262E+00 0.161988E+01
0.271509E+00 0.155096E+01
0.299345E+00 0.146498E+01
0.330034E+00 0.136339E+01
0.363869E+00 0.124843E+01
0.401174E+00 0.112304E+01
0.442302E+00 0.990837E+00
0.487648E+00 0.855852E+00
0.537642E+00 0.722332E+00
0.592762E+00 0.594415E+00
0.653532E+00 0.475815E+00
0.720533E+00 0.369531E+00
0.794403E+00 0.277637E+00
0.875846E+00 0.201154E+00
0.965639E+00 0.140049E+00
0.106464E+01 0.933367E-01
0.117379E+01 0.592947E-01
0.129412E+01 0.357410E-01
0.142680E+01 0.203383E-01
0.157308E+01 0.108656E-01
0.173435E+01 0.541679E-02
0.191216E+01 0.250307E-02
0.210819E+01 0.106423E-02
0.232433E+01 0.412930E-03
0.256262E+01 0.144900E-03
0.282534E+01 0.455261E-04
0.311500E+01 0.126660E-04
0.343436E+01 0.308235E-05
0.378645E+01 0.647278E-06
0.417464E+01 0.115544E-06
0.460263E+01 0.172442E-07
0.507450E+01 0.211236E-08
