   350 0.31468694218483E+02
0.10416666666667E-02 0.15013612319432E+04 -.20780361961701E+05 0.29524373736976E+07
0.10673958333333E-02 0.15008275298519E+04 -.20706346562740E+05 0.28231133177479E+07
0.10937605104167E-02 0.15002825768045E+04 -.20633827974169E+05 0.26999271112355E+07
0.11207763950240E-02 0.14997261027538E+04 -.20562763488174E+05 0.25825868546244E+07
0.11484595719810E-02 0.14991578347451E+04 -.20492842295048E+05 0.24703132891288E+07
0.11768265234090E-02 0.14985774954018E+04 -.20424302303211E+05 0.23633852057710E+07
0.12058941385372E-02 0.14979847940073E+04 -.20357102608223E+05 0.22615463416198E+07
0.12356797237591E-02 0.14973794349080E+04 -.20291203356056E+05 0.21645533843728E+07
0.12662010129359E-02 0.14967611153269E+04 -.20226565464247E+05 0.20721744532863E+07
0.12974761779554E-02 0.14961295254939E+04 -.20163150637804E+05 0.19841888693918E+07
0.13295238395509E-02 0.14954843484990E+04 -.20100921342492E+05 0.19003865279748E+07
0.13623630783878E-02 0.14948252601403E+04 -.20039840782543E+05 0.18205674004031E+07
0.13960134464240E-02 0.14941519287689E+04 -.19979872877854E+05 0.17445410480390E+07
0.14304949785507E-02 0.14934640151322E+04 -.19920982241853E+05 0.16721261597899E+07
0.14658282045209E-02 0.14927611722136E+04 -.19863134159864E+05 0.16031501121765E+07
0.15020341611725E-02 0.14920430450708E+04 -.19806294567951E+05 0.15374485507689E+07
0.15391344049535E-02 0.14913092706704E+04 -.19750430032239E+05 0.14748649919416E+07
0.15771510247559E-02 0.14905594777205E+04 -.19695507728687E+05 0.14152504439441E+07
0.16161066550673E-02 0.14897932865006E+04 -.19641495423301E+05 0.13584630463496E+07
0.16560244894475E-02 0.14890103086890E+04 -.19588361452787E+05 0.13043677269729E+07
0.16969282943368E-02 0.14882101471876E+04 -.19536074705604E+05 0.12528358753895E+07
0.17388424232070E-02 0.14873923959441E+04 -.19484604603437E+05 0.12037450322703E+07
0.17817918310602E-02 0.14865566397718E+04 -.19433921083047E+05 0.11569785937265E+07
0.18258020892874E-02 0.14857024541669E+04 -.19383994578506E+05 0.11124255299550E+07
0.18708994008928E-02 0.14848294051233E+04 -.19334796003811E+05 0.10699801174754E+07
0.19171106160948E-02 0.14839370489448E+04 -.19286296735833E+05 0.10295416842926E+07
0.19644632483123E-02 0.14830249320555E+04 -.19238468597640E+05 0.99101436736403E+06
0.20129854905457E-02 0.14820925908071E+04 -.19191283842137E+05 0.95430688176256E+06
0.20627062321621E-02 0.14811395512846E+04 -.19144715136050E+05 0.91933230097593E+06
0.21136550760965E-02 0.14801653291094E+04 -.19098735544213E+05 0.88600784778733E+06
0.21658623564761E-02 0.14791694292402E+04 -.19053318514186E+05 0.85425469524020E+06
0.22193591566811E-02 0.14781513457722E+04 -.19008437861157E+05 0.82399777718055E+06
0.22741773278511E-02 0.14771105617339E+04 -.18964067753154E+05 0.79516560792382E+06
0.23303495078490E-02 0.14760465488821E+04 -.18920182696529E+05 0.76769011059814E+06
0.23879091406929E-02 0.14749587674952E+04 -.18876757521735E+05 0.74150645374549E+06
0.24468904964680E-02 0.14738466661648E+04 -.18833767369370E+05 0.71655289577935E+06
0.25073286917308E-02 0.14727096815855E+04 -.18791187676491E+05 0.69277063691906E+06
0.25692597104165E-02 0.14715472383431E+04 -.18748994163181E+05 0.67010367824100E+06
0.26327204252638E-02 0.14703587487022E+04 -.18707162819383E+05 0.64849868749970E+06
0.26977486197678E-02 0.14691436123917E+04 -.18665669891974E+05 0.62790487139064E+06
0.27643830106761E-02 0.14679012163899E+04 -.18624491872084E+05 0.60827385394936E+06
0.28326632710398E-02 0.14666309347080E+04 -.18583605482664E+05 0.58955956078414E+06
0.29026300538345E-02 0.14653321281741E+04 -.18542987666276E+05 0.57171810886576E+06
0.29743250161642E-02 0.14640041442153E+04 -.18502615573123E+05 0.55470770159980E+06
0.30477908440635E-02 0.14626463166406E+04 -.18462466549307E+05 0.53848852893598E+06
0.31230712779118E-02 0.14612579654231E+04 -.18422518125308E+05 0.52302267226286E+06
0.32002111384762E-02 0.14598383964826E+04 -.18382748004682E+05 0.50827401386322E+06
0.32792563535966E-02 0.14583869014686E+04 -.18343134052986E+05 0.49420815070730E+06
0.33602539855304E-02 0.14569027575439E+04 -.18303654286915E+05 0.48079231237737E+06
0.34432522589730E-02 0.14553852271691E+04 -.18264286863650E+05 0.46799528292254E+06
0.35283005897697E-02 0.14538335578890E+04 -.18225010070427E+05 0.45578732645596E+06
0.36154496143370E-02 0.14522469821193E+04 -.18185802314311E+05 0.44414011631604E+06
0.37047512198111E-02 0.14506247169367E+04 -.18146642112188E+05 0.43302666761653E+06
0.37962585749404E-02 0.14489659638700E+04 -.18107508080962E+05 0.42242127302632E+06
0.38900261617415E-02 0.14472699086950E+04 -.18068378927967E+05 0.41229944162206E+06
0.39861098079365E-02 0.14455357212318E+04 -.18029233441592E+05 0.40263784066542E+06
0.40845667201925E-02 0.14437625551457E+04 -.17990050482109E+05 0.39341424016739E+06
0.41854555181813E-02 0.14419495477523E+04 -.17950808972732E+05 0.38460746010232E+06
0.42888362694803E-02 0.14400958198266E+04 -.17911487890873E+05 0.37619732014706E+06
0.43947705253365E-02 0.14382004754180E+04 -.17872066259627E+05 0.36816459182379E+06
0.45033213573123E-02 0.14362626016697E+04 -.17832523139477E+05 0.36049095292976E+06
0.46145533948379E-02 0.14342812686448E+04 -.17792837620218E+05 0.35315894414666E+06
0.47285328636904E-02 0.14322555291589E+04 -.17752988813110E+05 0.34615192772366E+06
0.48453276254236E-02 0.14301844186200E+04 -.17712955843262E+05 0.33945404813498E+06
0.49650072177716E-02 0.14280669548763E+04 -.17672717842255E+05 0.33305019461838E+06
0.50876428960505E-02 0.14259021380728E+04 -.17632253941001E+05 0.32692596550327E+06
0.52133076755830E-02 0.14236889505168E+04 -.17591543262849E+05 0.32106763424395E+06
0.53420763751699E-02 0.14214263565542E+04 -.17550564916948E+05 0.31546211707599E+06
0.54740256616366E-02 0.14191133024561E+04 -.17509297991866E+05 0.31009694221801E+06
0.56092340954790E-02 0.14167487163176E+04 -.17467721549473E+05 0.30496022054593E+06
0.57477821776373E-02 0.14143315079686E+04 -.17425814619107E+05 0.30004061766763E+06
0.58897523974249E-02 0.14118605688992E+04 -.17383556192009E+05 0.29532732733359E+06
0.60352292816413E-02 0.14093347721985E+04 -.17340925216069E+05 0.29081004611739E+06
0.61842994448979E-02 0.14067529725096E+04 -.17297900590854E+05 0.28647894930765E+06
0.63370516411869E-02 0.14041140060009E+04 -.17254461162962E+05 0.28232466795181E+06
0.64935768167242E-02 0.14014166903553E+04 -.17210585721693E+05 0.27833826699867E+06
0.66539681640973E-02 0.13986598247778E+04 -.17166252995056E+05 0.27451122448614E+06
0.68183211777505E-02 0.13958421900232E+04 -.17121441646125E+05 0.27083541172481E+06
0.69867337108409E-02 0.13929625484457E+04 -.17076130269749E+05 0.26730307443073E+06
0.71593060334987E-02 0.13900196440701E+04 -.17030297389647E+05 0.26390681476154E+06
0.73361408925261E-02 0.13870122026871E+04 -.16983921455879E+05 0.26063957421324E+06
0.75173435725715E-02 0.13839389319745E+04 -.16936980842730E+05 0.25749461733746E+06
0.77030219588140E-02 0.13807985216445E+04 -.16889453847012E+05 0.25446551623961E+06
0.78932866011967E-02 0.13775896436195E+04 -.16841318686799E+05 0.25154613582156E+06
0.80882507802463E-02 0.13743109522375E+04 -.16792553500621E+05 0.24873061973344E+06
0.82880305745183E-02 0.13709610844893E+04 -.16743136347127E+05 0.24601337700139E+06
0.84927449297089E-02 0.13675386602888E+04 -.16693045205247E+05 0.24338906929923E+06
0.87025157294728E-02 0.13640422827775E+04 -.16642257974855E+05 0.24085259883382E+06
0.89174678679907E-02 0.13604705386669E+04 -.16590752477973E+05 0.23839909681554E+06
0.91377293243301E-02 0.13568219986183E+04 -.16538506460533E+05 0.23602391248632E+06
0.93634312386411E-02 0.13530952176638E+04 -.16485497594704E+05 0.23372260267925E+06
0.95947079902355E-02 0.13492887356694E+04 -.16431703481831E+05 0.23149092188495E+06
0.98316972775943E-02 0.13454010778428E+04 -.16377101655995E+05 0.22932481280138E+06
0.10074540200351E-01 0.13414307552878E+04 -.16321669588222E+05 0.22722039734423E+06
0.10323381343300E-01 0.13373762656075E+04 -.16265384691370E+05 0.22517396809709E+06
0.10578368862479E-01 0.13332360935585E+04 -.16208224325717E+05 0.22318198018094E+06
0.10839654573382E-01 0.13290087117581E+04 -.16150165805282E+05 0.22124104352356E+06
0.11107394041345E-01 0.13246925814482E+04 -.16091186404897E+05 0.21934791551083E+06
0.11381746674166E-01 0.13202861533159E+04 -.16031263368083E+05 0.21749949400241E+06
0.11662875817018E-01 0.13157878683753E+04 -.15970373915721E+05 0.21569281069513E+06
0.11950948849698E-01 0.13111961589130E+04 -.15908495255595E+05 0.21392502481874E+06
0.12246137286286E-01 0.13065094494975E+04 -.15845604592795E+05 0.21219341714862E+06
0.12548616877257E-01 0.13017261580586E+04 -.15781679141043E+05 0.21049538432176E+06
0.12858567714125E-01 0.12968446970361E+04 -.15716696134964E+05 0.20882843344212E+06
0.13176174336664E-01 0.12918634746035E+04 -.15650632843322E+05 0.20719017696294E+06
0.13501625842780E-01 0.12867808959664E+04 -.15583466583283E+05 0.20557832783343E+06
0.13835116001096E-01 0.12815953647408E+04 -.15515174735715E+05 0.20399069489880E+06
0.14176843366324E-01 0.12763052844134E+04 -.15445734761563E+05 0.20242517854227E+06
0.14527011397472E-01 0.12709090598853E+04 -.15375124219348E+05 0.20087976655883E+06
0.14885828578989E-01 0.12654050991041E+04 -.15303320783811E+05 0.19935253025089E+06
0.15253508544890E-01 0.12597918147853E+04 -.15230302265738E+05 0.19784162073642E+06
0.15630270205949E-01 0.12540676262275E+04 -.15156046633006E+05 0.19634526546060E+06
0.16016337880036E-01 0.12482309612221E+04 -.15080532032888E+05 0.19486176490272E+06
0.16411941425673E-01 0.12422802580621E+04 -.15003736815635E+05 0.19338948947015E+06
0.16817316378887E-01 0.12362139676523E+04 -.14925639559393E+05 0.19192687657183E+06
0.17232704093446E-01 0.12300305557222E+04 -.14846219096464E+05 0.19047242786407E+06
0.17658351884554E-01 0.12237285051460E+04 -.14765454540963E+05 0.18902470666175E+06
0.18094513176102E-01 0.12173063183714E+04 -.14683325317890E+05 0.18758233550847E+06
0.18541447651552E-01 0.12107625199589E+04 -.14599811193658E+05 0.18614399389942E+06
0.18999421408545E-01 0.12040956592359E+04 -.14514892308091E+05 0.18470841615102E+06
0.19468707117336E-01 0.11973043130649E+04 -.14428549207939E+05 0.18327438941185E+06
0.19949584183135E-01 0.11903870887308E+04 -.14340762881915E+05 0.18184075180943E+06
0.20442338912458E-01 0.11833426269467E+04 -.14251514797297E+05 0.18040639072782E+06
0.20947264683596E-01 0.11761696049817E+04 -.14160786938095E+05 0.17897024121121E+06
0.21464662121280E-01 0.11688667399108E+04 -.14068561844825E+05 0.17753128448874E+06
0.21994839275676E-01 0.11614327919889E+04 -.13974822655878E+05 0.17608854661628E+06
0.22538111805785E-01 0.11538665681494E+04 -.13879553150521E+05 0.17464109723082E+06
0.23094803167388E-01 0.11461669256284E+04 -.13782737793517E+05 0.17318804841345E+06
0.23665244805623E-01 0.11383327757149E+04 -.13684361781381E+05 0.17172855365685E+06
0.24249776352322E-01 0.11303630876258E+04 -.13584411090267E+05 0.17026180693370E+06
0.24848745828224E-01 0.11222568925074E+04 -.13482872525470E+05 0.16878704186222E+06
0.25462509850181E-01 0.11140132875607E+04 -.13379733772547E+05 0.16730353096520E+06
0.26091433843480E-01 0.11056314402901E+04 -.13274983450032E+05 0.16581058501918E+06
0.26735892259414E-01 0.10971105928734E+04 -.13168611163710E+05 0.16430755249027E+06
0.27396268798222E-01 0.10884500666511E+04 -.13060607562438E+05 0.16279381905324E+06
0.28072956637538E-01 0.10796492667323E+04 -.12950964395457E+05 0.16126880719067E+06
0.28766358666485E-01 0.10707076867132E+04 -.12839674571161E+05 0.15973197586871E+06
0.29476887725547E-01 0.10616249135039E+04 -.12726732217251E+05 0.15818282028632E+06
0.30204966852368E-01 0.10524006322601E+04 -.12612132742229E+05 0.15662087169463E+06
0.30951029533622E-01 0.10430346314130E+04 -.12495872898138E+05 0.15504569728309E+06
0.31715519963102E-01 0.10335268077908E+04 -.12377950844476E+05 0.15345690012916E+06
0.32498893306191E-01 0.10238771718260E+04 -.12258366213179E+05 0.15185411920803E+06
0.33301615970854E-01 0.10140858528399E+04 -.12137120174568E+05 0.15023702945906E+06
0.34124165885334E-01 0.10041531043947E+04 -.12014215504143E+05 0.14860534190521E+06
0.34967032782702E-01 0.99407930970495E+03 -.11889656650086E+05 0.14695880382205E+06
0.35830718492435E-01 0.98386498709607E+03 -.11763449801324E+05 0.14529719895242E+06
0.36715737239198E-01 0.97351079549920E+03 -.11635602956004E+05 0.14362034776297E+06
0.37622615949006E-01 0.96301753996887E+03 -.11506125990183E+05 0.14192810773856E+06
0.38551894562946E-01 0.95238617720975E+03 -.11375030726572E+05 0.14022037371039E+06
0.39504126358651E-01 0.94161782109730E+03 -.11242331003098E+05 0.13849707821350E+06
0.40479878279710E-01 0.93071374817595E+03 -.11108042741085E+05 0.13675819186921E+06
0.41479731273219E-01 0.91967540311744E+03 -.10972184012803E+05 0.13500372378776E+06
0.42504280635667E-01 0.90850440412029E+03 -.10834775108137E+05 0.13323372198642E+06
0.43554136367368E-01 0.89720254823075E+03 -.10695838600100E+05 0.13144827381785E+06
0.44629923535642E-01 0.88577181656357E+03 -.10555399408906E+05 0.12964750640363E+06
0.45732282646972E-01 0.87421437940039E+03 -.10413484864292E+05 0.12783158706722E+06
0.46861870028353E-01 0.86253260114156E+03 -.10270124765769E+05 0.12600072376105E+06
0.48019358218053E-01 0.85072904508654E+03 -.10125351440458E+05 0.12415516548134E+06
0.49205436366039E-01 0.83880647801635E+03 -.99791997981620E+04 0.12229520266503E+06
0.50420810644280E-01 0.82676787455042E+03 -.98317073832931E+04 0.12042116756210E+06
0.51666204667194E-01 0.81461642124902E+03 -.96829144232644E+04 0.11853343457692E+06
0.52942359922473E-01 0.80235552043126E+03 -.95328638729512E+04 0.11663242057191E+06
0.54250036212558E-01 0.78998879367744E+03 -.93816014547942E+04 0.11471858512643E+06
0.55590012107009E-01 0.77752008498359E+03 -.92291756941170E+04 0.11279243074407E+06
0.56963085406052E-01 0.76495346353502E+03 -.90756379492135E+04 0.11085450300073E+06
0.58370073615581E-01 0.75229322606477E+03 -.89210424357507E+04 0.10890539062656E+06
0.59811814433886E-01 0.73954389876226E+03 -.87654462450243E+04 0.10694572551379E+06
0.61289166250403E-01 0.72671023869648E+03 -.86089093555986E+04 0.10497618264339E+06
0.62803008656788E-01 0.71379723471788E+03 -.84514946378546E+04 0.10299747992254E+06
0.64354242970611E-01 0.70081010780266E+03 -.82932678509719E+04 0.10101037792559E+06
0.65943792771985E-01 0.68775431080277E+03 -.81342976318694E+04 0.99015679530909E+05
0.67572604453453E-01 0.67463552756546E+03 -.79746554756299E+04 0.97014229446002E+05
0.69241647783453E-01 0.66145967138586E+03 -.78144157069475E+04 0.95006913613837E+05
0.70951916483704E-01 0.64823288275710E+03 -.76536554421397E+04 0.92994658493049E+05
0.72704428820852E-01 0.63496152638274E+03 -.74924545412861E+04 0.90978430205256E+05
0.74500228212727E-01 0.62165218741768E+03 -.73308955500687E+04 0.88959233542935E+05
0.76340383849581E-01 0.60831166690456E+03 -.71690636309157E+04 0.86938110831709E+05
0.78225991330666E-01 0.59494697637483E+03 -.70070464830740E+04 0.84916140641358E+05
0.80158173316533E-01 0.58156533158487E+03 -.68449342512685E+04 0.82894436340438E+05
0.82138080197452E-01 0.56817414536051E+03 -.66828194226431E+04 0.80874144489959E+05
0.84166890778329E-01 0.55478101952525E+03 -.65207967117184E+04 0.78856443072331E+05
0.86245812980554E-01 0.54139373589099E+03 -.63589629331484E+04 0.76842539552513E+05
0.88376084561173E-01 0.52802024629295E+03 -.61974168621103E+04 0.74833668769205E+05
0.90558973849834E-01 0.51466866165465E+03 -.60362590822168E+04 0.72831090654856E+05
0.92795780503925E-01 0.50134724007231E+03 -.58755918209056E+04 0.70836087784268E+05
0.95087836282372E-01 0.48806437391330E+03 -.57155187723242E+04 0.68849962752724E+05
0.97436505838547E-01 0.47482857592730E+03 -.55561449078035E+04 0.66874035385708E+05
0.99843187532759E-01 0.46164846437486E+03 -.53975762740891E+04 0.64909639783562E+05
0.10230931426482E+00 0.44853274718303E+03 -.52399197795814E+04 0.62958121205745E+05
0.10483635432716E+00 0.43549020514427E+03 -.50832829689225E+04 0.61020832800716E+05
0.10742581227904E+00 0.42252967418060E+03 -.49277737863541E+04 0.59099132188915E+05
0.11007922984233E+00 0.40966002670221E+03 -.47735003283697E+04 0.57194377907758E+05
0.11279818681944E+00 0.39689015209596E+03 -.46205705862736E+04 0.55307925729067E+05
0.11558430203388E+00 0.38422893638707E+03 -.44690921793607E+04 0.53441124860876E+05
0.11843923429411E+00 0.37168524112404E+03 -.43191720795312E+04 0.51595314047042E+05
0.12136468338118E+00 0.35926788154483E+03 -.41709163282502E+04 0.49771817579595E+05
0.12436239106069E+00 0.34698560408956E+03 -.40244297468644E+04 0.47971941240247E+05
0.12743414211989E+00 0.33484706333315E+03 -.38798156413865E+04 0.46196968188863E+05
0.13058176543025E+00 0.32286079841835E+03 -.37371755029501E+04 0.44448154818077E+05
0.13380713503638E+00 0.31103520907782E+03 -.35966087052347E+04 0.42726726594487E+05
0.13711217127178E+00 0.29937853134096E+03 -.34582122002436E+04 0.41033873908025E+05
0.14049884190219E+00 0.28789881302833E+03 -.33220802139025E+04 0.39370747952143E+05
0.14396916329718E+00 0.27660388914376E+03 -.31883039430200E+04 0.37738456658337E+05
0.14752520163062E+00 0.26550135728020E+03 -.30569712552180E+04 0.36138060709254E+05
0.15116907411089E+00 0.25459855316173E+03 -.29281663934975E+04 0.34570569655203E+05
0.15490295024143E+00 0.24390252644937E+03 -.28019696871530E+04 0.33036938159193E+05
0.15872905311240E+00 0.23342001694304E+03 -.26784572707833E+04 0.31538062395799E+05
0.16264966072427E+00 0.22315743131611E+03 -.25577008131676E+04 0.30074776629028E+05
0.16666710734416E+00 0.21312082052187E+03 -.24397672577897E+04 0.28647849994041E+05
0.17078378489556E+00 0.20331585801385E+03 -.23247185767809E+04 0.27257983507000E+05
0.17500214438248E+00 0.19374781892260E+03 -.22126115400371E+04 0.25905807326468E+05
0.17932469734873E+00 0.18442156033210E+03 -.21034975012262E+04 0.24591878288687E+05
0.18375401737324E+00 0.17534150279763E+03 -.19974222023489E+04 0.23316677737720E+05
0.18829274160236E+00 0.16651161324482E+03 -.18944255984487E+04 0.22080609669835E+05
0.19294357231994E+00 0.15793538938604E+03 -.17945417039767E+04 0.20883999209635E+05
0.19770927855624E+00 0.14961584578559E+03 -.16977984622189E+04 0.19727091433385E+05
0.20259269773658E+00 0.14155550169873E+03 -.16042176390695E+04 0.18610050552663E+05
0.20759673737068E+00 0.13375637080259E+03 -.15138147423041E+04 0.17532959468974E+05
0.21272437678373E+00 0.12621995292769E+03 -.14265989673519E+04 0.16495819707276E+05
0.21797866889029E+00 0.11894722788908E+03 -.13425731704057E+04 0.15498551733567E+05
0.22336274201188E+00 0.11193865150444E+03 -.12617338695304E+04 0.14540995658708E+05
0.22887980173958E+00 0.10519415387405E+03 -.11840712742433E+04 0.13622912327663E+05
0.23453313284254E+00 0.98713139983300E+02 -.11095693438399E+04 0.12743984790224E+05
0.24032610122375E+00 0.92494492674151E+02 -.10382058745350E+04 0.11903820146216E+05
0.24626215592398E+00 0.86536578015218E+02 -.96995261527422E+03 0.11101951755079E+05
0.25234483117530E+00 0.80837253084013E+02 -.90477541185616E+03 0.10337841796724E+05
0.25857774850533E+00 0.75393876156904E+02 -.84263437878596E+03 0.96108841676322E+04
0.26496461889341E+00 0.70203319284311E+02 -.78348409806141E+03 0.89204076933639E+04
0.27150924498008E+00 0.65261983209994E+02 -.72727384387824E+03 0.82656796360353E+04
0.27821552333109E+00 0.60565814574364E+02 -.67394783202823E+03 0.76459094728915E+04
0.28508744675737E+00 0.56110325322737E+02 -.62344549255971E+03 0.70602529199032E+04
0.29212910669227E+00 0.51890614220535E+02 -.57570176407426E+03 0.65078161723780E+04
0.29934469562757E+00 0.47901390358818E+02 -.53064740784937E+03 0.59876603329109E+04
0.30673850960957E+00 0.44136998515436E+02 -.48820933980619E+03 0.54988059956306E+04
0.31431495079693E+00 0.40591446219695E+02 -.44831097818596E+03 0.50402379546376E+04
0.32207853008161E+00 0.37258432352013E+02 -.41087260466099E+03 0.46109100037875E+04
0.33003386977463E+00 0.34131377094731E+02 -.37581173648662E+03 0.42097497945544E+04
0.33818570635806E+00 0.31203453036342E+02 -.34304350720202E+03 0.38356637186096E+04
0.34653889330511E+00 0.28467617219037E+02 -.31248105331080E+03 0.34875417819706E+04
0.35509840396974E+00 0.25916643908905E+02 -.28403590431782E+03 0.31642624381716E+04
0.36386933454780E+00 0.23543157829269E+02 -.25761837326509E+03 0.28646973466597E+04
0.37285690711113E+00 0.21339667776126E+02 -.23313794613053E+03 0.25877160344826E+04
0.38206647271677E+00 0.19298600058703E+02 -.21050366540045E+03 0.23321904156248E+04
0.39150351459288E+00 0.17412331847272E+02 -.18962450726344E+03 0.20969991556380E+04
0.40117365140332E+00 0.15673224021552E+02 -.17040974888295E+03 0.18810318484580E+04
0.41108264059298E+00 0.14073653315384E+02 -.15276932351748E+03 0.16831929828927E+04
0.42123638181563E+00 0.12606043525466E+02 -.13661416117503E+03 0.15024056771290E+04
0.43164092044648E+00 0.11262895560372E+02 -.12185651263091E+03 0.13376151619751E+04
0.44230245118150E+00 0.10036816117067E+02 -.10841025480315E+03 0.11877919960662E+04
0.45322732172569E+00 0.89205447856520E+01 -.96191175665387E+02 0.10519349988992E+04
0.46442203657231E+00 0.79069793989462E+01 -.85117237082205E+02 0.92907389031297E+03
0.47589326087565E+00 0.69891994616522E+01 -.75108814172838E+02 0.81827162787442E+03
0.48764782441928E+00 0.61604875140088E+01 -.66088910044098E+02 0.71862643655812E+03
0.49969272568243E+00 0.54143483068684E+01 -.57983344977988E+02 0.62927352807234E+03
0.51203513600679E+00 0.47445256887450E+01 -.50720919410721E+02 0.54938651016078E+03
0.52468240386616E+00 0.41450171303558E+01 -.44233550293653E+02 0.47817848912167E+03
0.53764205924165E+00 0.36100858382329E+01 -.38456380679675E+02 0.41490287155638E+03
0.55092181810492E+00 0.31342704358448E+01 -.33327862628247E+02 0.35885387388959E+03
0.56452958701211E+00 0.27123922180263E+01 -.28789813766863E+02 0.30936675039793E+03
0.57847346781131E+00 0.23395600120307E+01 -.24787448086178E+02 0.26581775227680E+03
0.59276176246625E+00 0.20111727057886E+01 -.21269381781069E+02 0.22762383165435E+03
0.60740297799916E+00 0.17229195305134E+01 -.18187615181794E+02 0.19424210549247E+03
0.62240583155574E+00 0.14707782100706E+01 -.15497492048419E+02 0.16516909513689E+03
0.63777925559517E+00 0.12510111129162E+01 -.13157637726333E+02 0.13993975807779E+03
0.65353240320837E+00 0.10601595632436E+01 -.11129877876052E+02 0.11812632943521E+03
0.66967465356762E+00 0.89503648563203E+00 -.93791396891109E+01 0.99336991897677E+02
0.68621561751074E+00 0.75271757142906E+00 -.78733376733404E+01 0.83214394309855E+02
0.70316514326325E+00 0.63053116493008E+00 -.65832462247420E+01 0.69434040695566E+02
0.72053332230186E+00 0.52604707297288E+00 -.54823612900897E+01 0.57702572994365E+02
0.73833049536271E+00 0.43706450286026E+00 -.45467534583242E+01 0.47755971931386E+02
0.75656725859817E+00 0.36159933079722E+00 -.37549147978452E+01 0.39357701012363E+02
0.77525446988555E+00 0.29787089666443E+00 -.30876016834416E+01 0.32296818502946E+02
0.79440325529172E+00 0.24428851144206E+00 -.25276757368784E+01 0.26386081379301E+02
0.81402501569742E+00 0.19943785149527E+00 -.20599448475736E+01 0.21460063685942E+02
0.83413143358515E+00 0.16206739979367E+00 -.16710060538964E+01 0.17373309634398E+02
0.85473447999470E+00 0.13107507849565E+00 -.13490918609436E+01 0.13998539285148E+02
0.87584642165057E+00 0.10549520067928E+00 -.10839213558637E+01 0.11224921942141E+02
0.89747982826534E+00 0.84485851786413E-01 -.86655726430492E+00 0.89564296041301E+01
0.91964758002349E+00 0.67316793959062E-01 -.68926987733648E+00 0.71102800816996E+01
0.94236287525008E+00 0.53357969228272E-01 -.54540857185337E+00 0.56154767930260E+01
0.96563923826875E+00 0.42068660767776E-01 -.42928145249878E+00 0.44114498553434E+01
0.98949052745399E+00 0.32987355405011E-01 -.33604346202166E+00 0.34468009285781E+01
0.10139309434821E+01 0.25722335514199E-01 -.26159314150250E+00 0.26781523597632E+01
0.10389750377861E+01 0.19943014485955E-01 -.20247807320034E+00 0.20690995256803E+01
0.10646377212194E+01 0.15372017326029E-01 -.15580890761590E+00 0.15892638719499E+01
0.10909342729335E+01 0.11777996696978E-01 -.11918176305958E+00 0.12134429892946E+01
0.11178803494750E+01 0.89691649586463E-02 -.90608690559329E-01 0.92085313838581E+00
0.11454919941070E+01 0.67875145275909E-02 -.68455819041939E-01 0.69445891802423E+00
0.11737856463615E+01 0.51036921669970E-02 -.51388734793679E-01 0.52038425064449E+00
0.12027781518266E+01 0.38124876074299E-02 -.38324604417208E-01 0.38739851670129E+00
0.12324867721767E+01 0.28288931231674E-02 -.28390520782207E-01 0.28647148721048E+00
0.12629291954495E+01 0.20846882583896E-02 -.20887535543591E-01 0.21039066297394E+00
0.12941235465771E+01 0.15255026976772E-02 -.15259838232733E-01 0.15343471092701E+00
0.13260883981776E+01 0.11083101726151E-02 -.11068549148091E-01 0.11109687367075E+00
0.13588427816125E+01 0.79930714398295E-03 -.79696096383213E-02 0.79852498850938E-01
0.13924061983184E+01 0.57213164258635E-03 -.56952772114228E-02 0.56965172389448E-01
0.14267986314168E+01 0.40637993471346E-03 -.40387625657530E-02 0.40326326260207E-01
0.14620405576128E+01 0.28638144718290E-03 -.28415795366737E-02 0.28323611273421E-01
0.14981529593859E+01 0.20019549641123E-03 -.19832156060454E-02 0.19733763365583E-01
0.15351573374827E+01 0.13879668194879E-03 -.13727686898089E-02 0.13636135037099E-01
0.15730757237185E+01 0.95419208145789E-04 -.94223422469522E-03 0.93435005267359E-02
0.16119306940944E+01 0.65033785244637E-04 -.64116412204371E-03 0.63471646979044E-02
0.16517453822385E+01 0.43934048166703E-04 -.43245513558451E-03 0.42738040361225E-02
0.16925434931798E+01 0.29412550398953E-04 -.28905797799015E-03 0.28518381334684E-02
0.17343493174613E+01 0.19509291891001E-04 -.19142967320644E-03 0.18854678748386E-02
0.17771877456026E+01 0.12818390142406E-04 -.12557986692177E-03 0.12348201805195E-02
0.18210842829190E+01 0.83408836197527E-05 -.81586999847055E-04 0.80090795687006E-03
0.18660650647071E+01 0.53737597495438E-05 -.52482364783123E-04 0.51434840499192E-03
0.19121568718054E+01 0.34271297923763E-05 -.33419205861775E-04 0.32698452325682E-03
0.19593871465390E+01 0.21630418489289E-05 -.21060340880703E-04 0.20572570585850E-03
0.20077840090585E+01 0.13507489881532E-05 -.13131514165130E-04 0.12806645976195E-03
0.20573762740822E+01 0.83435392801272E-06 -.80990714948554E-05 0.78860390362914E-04
0.21081934680520E+01 0.50965899430881E-06 -.49398612570560E-05 0.48022803647708E-04
0.21602658467129E+01 0.30778516965748E-06 -.29787808847772E-05 0.28912568964566E-04
0.22136244131267E+01 0.18371146406496E-06 -.17753700475203E-05 0.17205170381443E-04
0.22683009361310E+01 0.10834885292560E-06 -.10455503088488E-05 0.10116816940565E-04
0.23243279692534E+01 0.63123006467917E-07 -.60825090457278E-06 0.58764869878351E-05
0.23817388700940E+01 0.36316078217897E-07 -.34944210505454E-06 0.33709613394524E-05
0.24405678201853E+01 0.20626590765834E-07 -.19819464075231E-06 0.19090692986488E-05
0.25008498453439E+01 0.11562165270699E-07 -.11094276085727E-06 0.10670578613437E-05
0.25626208365239E+01 0.63943532453028E-08 -.61271588122812E-07 0.58845809398100E-06
0.26259175711860E+01 0.34878579492562E-08 -.33375791353508E-07 0.32008385675039E-06
0.26907777351943E+01 0.18757762043243E-08 -.17925521086355E-07 0.17166760970866E-06
0.27572399452536E+01 0.99429432823133E-09 -.94892430118110E-08 0.90748874557476E-07
0.28253437719014E+01 0.51928817874691E-09 -.49494718599200E-08 0.47268358777948E-07
0.28951297630673E+01 0.26711936104211E-09 -.25427150048495E-08 0.24250479429107E-07
0.29666394682151E+01 0.13528376299518E-09 -.12861394236159E-08 0.12249849796226E-07
0.30399154630800E+01 0.67431866000677E-10 -.64027395463835E-09 0.60902873399154E-08
0.31150013750181E+01 0.33067052946941E-10 -.31359035753297E-09 0.29790178135720E-08
0.31919419089810E+01 0.15946446513942E-10 -.15104486904002E-09 0.14330590288071E-08
0.32707828741328E+01 0.75595049926470E-11 -.71518527635594E-10 0.67769398824847E-09
0.33515712111239E+01 0.35212930421608E-11 -.33275057893985E-10 0.31491990273891E-09
0.34343550200387E+01 0.16110316637071E-11 -.15206190949369E-10 0.14373984727880E-09
0.35191835890336E+01 0.72361581166386E-12 -.68223241393605E-11 0.64413029483290E-10
0.36061074236828E+01 0.31894674291562E-12 -.30037140024828E-11 0.28326552204153E-10
0.36951782770477E+01 0.13789024071056E-12 -.12971737121258E-11 0.12219011908812E-10
0.37864491804908E+01 0.58445095349102E-13 -.54921816260482E-12 0.51676680469291E-11
0.38799744752489E+01 0.24274510268586E-13 -.22787013768981E-12 0.21416956323561E-11
0.39758098447876E+01 0.98747024532179E-14 -.92599548510586E-13 0.86937781679492E-12
0.40740123479538E+01 0.39322979364947E-14 -.36837220025134E-13 0.34548124727757E-12
0.41746404529483E+01 0.15321090759274E-14 -.14338153688509E-13 0.13433131227102E-12
0.42777540721361E+01 0.58374071281986E-15 -.54575035756278E-14 0.51077865647273E-13
0.43834145977179E+01 0.21736891515907E-15 -.20302486060657E-14 0.18982383349294E-13
0.44916849382815E+01 0.79063485862295E-16 -.73775572253438E-15 0.68910412669841E-14
0.46026295562571E+01 0.28073915417756E-16 -.26171675998400E-15 0.24422059623949E-14
0.47163145062966E+01 0.97256632999552E-17 -.90583039198834E-16 0.84446897729484E-15
0.48328074746021E+01 0.32851672576434E-17 -.30569811880354E-16 0.28472325114941E-15
0.49521778192248E+01 0.10812916284236E-17 -.10052997245359E-16 0.93546316432700E-16
0.50744966113597E+01 0.34656075652276E-18 -.32194114484523E-17 0.29930596775230E-16
0.51998366776603E+01 0.10808601459281E-18 -.10033247550794E-17 0.93203818918602E-17
