0.10416666666667E-02 0.00000000000000E+00
0.10673958333333E-02 0.00000000000000E+00
0.10937605104167E-02 0.00000000000000E+00
0.11207763950240E-02 0.00000000000000E+00
0.11484595719810E-02 0.00000000000000E+00
0.11768265234090E-02 0.00000000000000E+00
0.12058941385372E-02 0.00000000000000E+00
0.12356797237591E-02 0.00000000000000E+00
0.12662010129359E-02 0.00000000000000E+00
0.12974761779554E-02 0.00000000000000E+00
0.13295238395509E-02 0.00000000000000E+00
0.13623630783878E-02 0.00000000000000E+00
0.13960134464240E-02 0.00000000000000E+00
0.14304949785507E-02 0.00000000000000E+00
0.14658282045209E-02 0.00000000000000E+00
0.15020341611725E-02 0.00000000000000E+00
0.15391344049535E-02 0.00000000000000E+00
0.15771510247559E-02 0.00000000000000E+00
0.16161066550673E-02 0.00000000000000E+00
0.16560244894475E-02 0.00000000000000E+00
0.16969282943368E-02 0.00000000000000E+00
0.17388424232070E-02 0.00000000000000E+00
0.17817918310602E-02 0.00000000000000E+00
0.18258020892874E-02 0.00000000000000E+00
0.18708994008928E-02 0.00000000000000E+00
0.19171106160948E-02 0.00000000000000E+00
0.19644632483123E-02 0.00000000000000E+00
0.20129854905457E-02 0.00000000000000E+00
0.20627062321621E-02 0.00000000000000E+00
0.21136550760965E-02 0.00000000000000E+00
0.21658623564761E-02 0.00000000000000E+00
0.22193591566811E-02 0.00000000000000E+00
0.22741773278511E-02 0.00000000000000E+00
0.23303495078490E-02 0.00000000000000E+00
0.23879091406929E-02 0.00000000000000E+00
0.24468904964680E-02 0.00000000000000E+00
0.25073286917308E-02 0.00000000000000E+00
0.25692597104165E-02 0.00000000000000E+00
0.26327204252638E-02 0.00000000000000E+00
0.26977486197678E-02 0.00000000000000E+00
0.27643830106761E-02 0.00000000000000E+00
0.28326632710398E-02 0.00000000000000E+00
0.29026300538345E-02 0.00000000000000E+00
0.29743250161642E-02 0.00000000000000E+00
0.30477908440635E-02 0.00000000000000E+00
0.31230712779118E-02 0.00000000000000E+00
0.32002111384762E-02 0.00000000000000E+00
0.32792563535966E-02 0.00000000000000E+00
0.33602539855304E-02 0.00000000000000E+00
0.34432522589730E-02 0.00000000000000E+00
0.35283005897697E-02 0.00000000000000E+00
0.36154496143370E-02 0.00000000000000E+00
0.37047512198111E-02 0.00000000000000E+00
0.37962585749404E-02 0.00000000000000E+00
0.38900261617415E-02 0.00000000000000E+00
0.39861098079365E-02 0.00000000000000E+00
0.40845667201925E-02 0.00000000000000E+00
0.41854555181813E-02 0.00000000000000E+00
0.42888362694803E-02 0.00000000000000E+00
0.43947705253365E-02 0.00000000000000E+00
0.45033213573123E-02 0.00000000000000E+00
0.46145533948379E-02 0.00000000000000E+00
0.47285328636904E-02 0.00000000000000E+00
0.48453276254236E-02 0.00000000000000E+00
0.49650072177716E-02 0.00000000000000E+00
0.50876428960505E-02 0.00000000000000E+00
0.52133076755830E-02 0.00000000000000E+00
0.53420763751699E-02 0.00000000000000E+00
0.54740256616366E-02 0.00000000000000E+00
0.56092340954790E-02 0.00000000000000E+00
0.57477821776373E-02 0.00000000000000E+00
0.58897523974249E-02 0.00000000000000E+00
0.60352292816413E-02 0.00000000000000E+00
0.61842994448979E-02 0.00000000000000E+00
0.63370516411869E-02 0.00000000000000E+00
0.64935768167242E-02 0.00000000000000E+00
0.66539681640973E-02 0.00000000000000E+00
0.68183211777505E-02 0.00000000000000E+00
0.69867337108409E-02 0.00000000000000E+00
0.71593060334987E-02 0.00000000000000E+00
0.73361408925261E-02 0.00000000000000E+00
0.75173435725715E-02 0.00000000000000E+00
0.77030219588140E-02 0.00000000000000E+00
0.78932866011967E-02 0.00000000000000E+00
0.80882507802463E-02 0.00000000000000E+00
0.82880305745183E-02 0.00000000000000E+00
0.84927449297089E-02 0.00000000000000E+00
0.87025157294728E-02 0.00000000000000E+00
0.89174678679907E-02 0.00000000000000E+00
0.91377293243301E-02 0.00000000000000E+00
0.93634312386411E-02 0.00000000000000E+00
0.95947079902355E-02 0.00000000000000E+00
0.98316972775943E-02 0.00000000000000E+00
0.10074540200351E-01 0.00000000000000E+00
0.10323381343300E-01 0.00000000000000E+00
0.10578368862479E-01 0.00000000000000E+00
0.10839654573382E-01 0.00000000000000E+00
0.11107394041345E-01 0.00000000000000E+00
0.11381746674166E-01 0.00000000000000E+00
0.11662875817018E-01 0.00000000000000E+00
0.11950948849698E-01 0.00000000000000E+00
0.12246137286286E-01 0.00000000000000E+00
0.12548616877257E-01 0.00000000000000E+00
0.12858567714125E-01 0.00000000000000E+00
0.13176174336664E-01 0.00000000000000E+00
0.13501625842780E-01 0.00000000000000E+00
0.13835116001096E-01 0.00000000000000E+00
0.14176843366324E-01 0.00000000000000E+00
0.14527011397472E-01 0.00000000000000E+00
0.14885828578989E-01 0.00000000000000E+00
0.15253508544890E-01 0.00000000000000E+00
0.15630270205949E-01 0.00000000000000E+00
0.16016337880036E-01 0.00000000000000E+00
0.16411941425673E-01 0.00000000000000E+00
0.16817316378887E-01 0.00000000000000E+00
0.17232704093446E-01 0.00000000000000E+00
0.17658351884554E-01 0.00000000000000E+00
0.18094513176102E-01 0.00000000000000E+00
0.18541447651552E-01 0.00000000000000E+00
0.18999421408545E-01 0.00000000000000E+00
0.19468707117336E-01 0.00000000000000E+00
0.19949584183135E-01 0.00000000000000E+00
0.20442338912458E-01 0.00000000000000E+00
0.20947264683596E-01 0.00000000000000E+00
0.21464662121280E-01 0.00000000000000E+00
0.21994839275676E-01 0.00000000000000E+00
0.22538111805785E-01 0.00000000000000E+00
0.23094803167388E-01 0.00000000000000E+00
0.23665244805623E-01 0.00000000000000E+00
0.24249776352322E-01 0.00000000000000E+00
0.24848745828224E-01 0.00000000000000E+00
0.25462509850181E-01 0.00000000000000E+00
0.26091433843480E-01 0.00000000000000E+00
0.26735892259414E-01 0.00000000000000E+00
0.27396268798222E-01 0.00000000000000E+00
0.28072956637538E-01 0.00000000000000E+00
0.28766358666485E-01 0.00000000000000E+00
0.29476887725547E-01 0.00000000000000E+00
0.30204966852368E-01 0.00000000000000E+00
0.30951029533622E-01 0.00000000000000E+00
0.31715519963102E-01 0.00000000000000E+00
0.32498893306191E-01 0.00000000000000E+00
0.33301615970854E-01 0.00000000000000E+00
0.34124165885334E-01 0.00000000000000E+00
0.34967032782702E-01 0.00000000000000E+00
0.35830718492435E-01 0.00000000000000E+00
0.36715737239198E-01 0.00000000000000E+00
0.37622615949006E-01 0.00000000000000E+00
0.38551894562946E-01 0.00000000000000E+00
0.39504126358651E-01 0.00000000000000E+00
0.40479878279710E-01 0.00000000000000E+00
0.41479731273219E-01 0.00000000000000E+00
0.42504280635667E-01 0.00000000000000E+00
0.43554136367368E-01 0.00000000000000E+00
0.44629923535642E-01 0.00000000000000E+00
0.45732282646972E-01 0.00000000000000E+00
0.46861870028353E-01 0.00000000000000E+00
0.48019358218053E-01 0.00000000000000E+00
0.49205436366039E-01 0.00000000000000E+00
0.50420810644280E-01 0.00000000000000E+00
0.51666204667194E-01 0.00000000000000E+00
0.52942359922473E-01 0.00000000000000E+00
0.54250036212558E-01 0.00000000000000E+00
0.55590012107009E-01 0.00000000000000E+00
0.56963085406052E-01 0.00000000000000E+00
0.58370073615581E-01 0.00000000000000E+00
0.59811814433886E-01 0.00000000000000E+00
0.61289166250403E-01 0.00000000000000E+00
0.62803008656788E-01 0.00000000000000E+00
0.64354242970611E-01 0.00000000000000E+00
0.65943792771985E-01 0.00000000000000E+00
0.67572604453453E-01 0.00000000000000E+00
0.69241647783453E-01 0.00000000000000E+00
0.70951916483704E-01 0.00000000000000E+00
0.72704428820852E-01 0.00000000000000E+00
0.74500228212727E-01 0.00000000000000E+00
0.76340383849581E-01 0.00000000000000E+00
0.78225991330666E-01 0.00000000000000E+00
0.80158173316533E-01 0.00000000000000E+00
0.82138080197452E-01 0.00000000000000E+00
0.84166890778329E-01 0.00000000000000E+00
0.86245812980554E-01 0.00000000000000E+00
0.88376084561173E-01 0.00000000000000E+00
0.90558973849834E-01 0.00000000000000E+00
0.92795780503925E-01 0.00000000000000E+00
0.95087836282372E-01 0.00000000000000E+00
0.97436505838547E-01 0.00000000000000E+00
0.99843187532759E-01 0.00000000000000E+00
0.10230931426482E+00 0.00000000000000E+00
0.10483635432716E+00 0.00000000000000E+00
0.10742581227904E+00 0.00000000000000E+00
0.11007922984233E+00 0.00000000000000E+00
0.11279818681944E+00 0.00000000000000E+00
0.11558430203388E+00 0.00000000000000E+00
0.11843923429411E+00 0.00000000000000E+00
0.12136468338118E+00 0.00000000000000E+00
0.12436239106069E+00 0.00000000000000E+00
0.12743414211989E+00 0.00000000000000E+00
0.13058176543025E+00 0.00000000000000E+00
0.13380713503638E+00 0.00000000000000E+00
0.13711217127178E+00 0.00000000000000E+00
0.14049884190219E+00 0.00000000000000E+00
0.14396916329718E+00 0.00000000000000E+00
0.14752520163062E+00 0.00000000000000E+00
0.15116907411089E+00 0.00000000000000E+00
0.15490295024143E+00 0.00000000000000E+00
0.15872905311240E+00 0.00000000000000E+00
0.16264966072427E+00 0.00000000000000E+00
0.16666710734416E+00 0.00000000000000E+00
0.17078378489556E+00 0.00000000000000E+00
0.17500214438248E+00 0.00000000000000E+00
0.17932469734873E+00 0.00000000000000E+00
0.18375401737324E+00 0.00000000000000E+00
0.18829274160236E+00 0.00000000000000E+00
0.19294357231994E+00 0.00000000000000E+00
0.19770927855624E+00 0.00000000000000E+00
0.20259269773658E+00 0.00000000000000E+00
0.20759673737068E+00 0.00000000000000E+00
0.21272437678373E+00 0.00000000000000E+00
0.21797866889029E+00 0.00000000000000E+00
0.22336274201188E+00 0.00000000000000E+00
0.22887980173958E+00 0.00000000000000E+00
0.23453313284254E+00 0.00000000000000E+00
0.24032610122375E+00 0.00000000000000E+00
0.24626215592398E+00 0.00000000000000E+00
0.25234483117530E+00 0.00000000000000E+00
0.25857774850533E+00 0.00000000000000E+00
0.26496461889341E+00 0.00000000000000E+00
0.27150924498008E+00 0.00000000000000E+00
0.27821552333109E+00 0.00000000000000E+00
0.28508744675737E+00 0.00000000000000E+00
0.29212910669227E+00 0.00000000000000E+00
0.29934469562757E+00 0.00000000000000E+00
0.30673850960957E+00 0.00000000000000E+00
0.31431495079693E+00 0.00000000000000E+00
0.32207853008161E+00 0.00000000000000E+00
0.33003386977463E+00 0.00000000000000E+00
0.33818570635806E+00 0.00000000000000E+00
0.34653889330511E+00 0.00000000000000E+00
0.35509840396974E+00 0.00000000000000E+00
0.36386933454780E+00 0.00000000000000E+00
0.37285690711113E+00 0.00000000000000E+00
0.38206647271677E+00 0.00000000000000E+00
0.39150351459288E+00 0.00000000000000E+00
0.40117365140332E+00 0.00000000000000E+00
0.41108264059298E+00 0.00000000000000E+00
0.42123638181563E+00 0.00000000000000E+00
0.43164092044648E+00 0.00000000000000E+00
0.44230245118150E+00 0.00000000000000E+00
0.45322732172569E+00 0.00000000000000E+00
0.46442203657231E+00 0.00000000000000E+00
0.47589326087565E+00 0.00000000000000E+00
0.48764782441928E+00 0.00000000000000E+00
0.49969272568243E+00 0.00000000000000E+00
0.51203513600679E+00 0.00000000000000E+00
0.52468240386616E+00 0.00000000000000E+00
0.53764205924165E+00 0.00000000000000E+00
0.55092181810492E+00 0.00000000000000E+00
0.56452958701211E+00 0.00000000000000E+00
0.57847346781131E+00 0.00000000000000E+00
0.59276176246625E+00 0.00000000000000E+00
0.60740297799916E+00 0.00000000000000E+00
0.62240583155574E+00 0.00000000000000E+00
0.63777925559517E+00 0.00000000000000E+00
0.65353240320837E+00 0.00000000000000E+00
0.66967465356762E+00 0.00000000000000E+00
0.68621561751074E+00 0.00000000000000E+00
0.70316514326325E+00 0.00000000000000E+00
0.72053332230186E+00 0.00000000000000E+00
0.73833049536271E+00 0.00000000000000E+00
0.75656725859817E+00 0.00000000000000E+00
0.77525446988555E+00 0.00000000000000E+00
0.79440325529172E+00 0.00000000000000E+00
0.81402501569742E+00 0.00000000000000E+00
0.83413143358515E+00 0.00000000000000E+00
0.85473447999470E+00 0.00000000000000E+00
0.87584642165057E+00 0.00000000000000E+00
0.89747982826534E+00 0.00000000000000E+00
0.91964758002349E+00 0.00000000000000E+00
0.94236287525008E+00 0.00000000000000E+00
0.96563923826875E+00 0.00000000000000E+00
0.98949052745399E+00 0.00000000000000E+00
0.10139309434821E+01 0.00000000000000E+00
0.10389750377861E+01 0.00000000000000E+00
0.10646377212194E+01 0.00000000000000E+00
0.10909342729335E+01 0.00000000000000E+00
0.11178803494750E+01 0.00000000000000E+00
0.11454919941070E+01 0.00000000000000E+00
0.11737856463615E+01 0.00000000000000E+00
0.12027781518266E+01 0.00000000000000E+00
0.12324867721767E+01 0.00000000000000E+00
0.12629291954495E+01 0.00000000000000E+00
0.12941235465771E+01 0.00000000000000E+00
0.13260883981776E+01 0.00000000000000E+00
0.13588427816125E+01 0.00000000000000E+00
0.13924061983184E+01 0.00000000000000E+00
0.14267986314168E+01 0.00000000000000E+00
0.14620405576128E+01 0.00000000000000E+00
0.14981529593859E+01 0.00000000000000E+00
0.15351573374827E+01 0.00000000000000E+00
0.15730757237185E+01 0.00000000000000E+00
0.16119306940944E+01 0.00000000000000E+00
0.16517453822385E+01 0.00000000000000E+00
0.16925434931798E+01 0.00000000000000E+00
0.17343493174613E+01 0.00000000000000E+00
0.17771877456026E+01 0.00000000000000E+00
0.18210842829190E+01 0.00000000000000E+00
0.18660650647071E+01 0.00000000000000E+00
0.19121568718054E+01 0.00000000000000E+00
0.19593871465390E+01 0.00000000000000E+00
0.20077840090585E+01 0.00000000000000E+00
0.20573762740822E+01 0.00000000000000E+00
0.21081934680520E+01 0.00000000000000E+00
0.21602658467129E+01 0.00000000000000E+00
0.22136244131267E+01 0.00000000000000E+00
0.22683009361310E+01 0.00000000000000E+00
0.23243279692534E+01 0.00000000000000E+00
0.23817388700940E+01 0.00000000000000E+00
0.24405678201853E+01 0.00000000000000E+00
0.25008498453439E+01 0.00000000000000E+00
0.25626208365239E+01 0.00000000000000E+00
0.26259175711860E+01 0.00000000000000E+00
0.26907777351943E+01 0.00000000000000E+00
0.27572399452536E+01 0.00000000000000E+00
0.28253437719014E+01 0.00000000000000E+00
0.28951297630673E+01 0.00000000000000E+00
0.29666394682151E+01 0.00000000000000E+00
0.30399154630800E+01 0.00000000000000E+00
0.31150013750181E+01 0.00000000000000E+00
0.31919419089810E+01 0.00000000000000E+00
0.32707828741328E+01 0.00000000000000E+00
0.33515712111239E+01 0.00000000000000E+00
0.34343550200387E+01 0.00000000000000E+00
0.35191835890336E+01 0.00000000000000E+00
0.36061074236828E+01 0.00000000000000E+00
0.36951782770477E+01 0.00000000000000E+00
0.37864491804908E+01 0.00000000000000E+00
0.38799744752489E+01 0.00000000000000E+00
0.39758098447876E+01 0.00000000000000E+00
0.40740123479538E+01 0.00000000000000E+00
0.41746404529483E+01 0.00000000000000E+00
0.42777540721361E+01 0.00000000000000E+00
0.43834145977179E+01 0.00000000000000E+00
0.44916849382815E+01 0.00000000000000E+00
0.46026295562571E+01 0.00000000000000E+00
0.47163145062966E+01 0.00000000000000E+00
0.48328074746021E+01 0.00000000000000E+00
0.49521778192248E+01 0.00000000000000E+00
0.50744966113597E+01 0.00000000000000E+00
0.51998366776603E+01 0.00000000000000E+00
