   6.00000  461    8    1
0.104167E-02 -.57504648385097E+04
0.106740E-02 -.56116216768662E+04
0.109376E-02 -.54761252506597E+04
0.112078E-02 -.53438948875613E+04
0.114846E-02 -.52148518598076E+04
0.117683E-02 -.50889193373267E+04
0.120589E-02 -.49660223419886E+04
0.123568E-02 -.48460877029707E+04
0.126620E-02 -.47290440131916E+04
0.129748E-02 -.46148215867969E+04
0.132952E-02 -.45033524176691E+04
0.136236E-02 -.43945701389385E+04
0.139601E-02 -.42884099834690E+04
0.143049E-02 -.41848087452972E+04
0.146583E-02 -.40837047420005E+04
0.150203E-02 -.39850377779726E+04
0.153913E-02 -.38887491085842E+04
0.157715E-02 -.37947814052074E+04
0.161611E-02 -.37030787210833E+04
0.165602E-02 -.36135864580122E+04
0.169693E-02 -.35262513338473E+04
0.173884E-02 -.34410213507709E+04
0.178179E-02 -.33578457643366E+04
0.182580E-02 -.32766750532563E+04
0.187090E-02 -.31974608899168E+04
0.191711E-02 -.31201561116060E+04
0.196446E-02 -.30447146924338E+04
0.201299E-02 -.29710917159286E+04
0.206271E-02 -.28992433482953E+04
0.211366E-02 -.28291268123175E+04
0.216586E-02 -.27607003618889E+04
0.221936E-02 -.26939232571587E+04
0.227418E-02 -.26287557402755E+04
0.233035E-02 -.25651590117172E+04
0.238791E-02 -.25030952071901E+04
0.244689E-02 -.24425273750854E+04
0.250733E-02 -.23834194544794E+04
0.256926E-02 -.23257362536635E+04
0.263272E-02 -.22694434291922E+04
0.269775E-02 -.22145074654357E+04
0.276438E-02 -.21608956546256E+04
0.283266E-02 -.21085760773820E+04
0.290263E-02 -.20575175837088E+04
0.297433E-02 -.20076897744491E+04
0.304779E-02 -.19590629831852E+04
0.312307E-02 -.19116082585774E+04
0.320021E-02 -.18652973471262E+04
0.327926E-02 -.18201026763521E+04
0.336025E-02 -.17759973383792E+04
0.344325E-02 -.17329550739156E+04
0.352830E-02 -.16909502566198E+04
0.361545E-02 -.16499578778432E+04
0.370475E-02 -.16099535317418E+04
0.379626E-02 -.15709134007452E+04
0.389003E-02 -.15328142413775E+04
0.398611E-02 -.14956333704186E+04
0.408457E-02 -.14593486514002E+04
0.418546E-02 -.14239384814265E+04
0.428884E-02 -.13893817783136E+04
0.439477E-02 -.13556579680377E+04
0.450332E-02 -.13227469724871E+04
0.461455E-02 -.12906291975087E+04
0.472853E-02 -.12592855212431E+04
0.484533E-02 -.12286972827409E+04
0.496501E-02 -.11988462708530E+04
0.508764E-02 -.11697147133893E+04
0.521331E-02 -.11412852665389E+04
0.534208E-02 -.11135410045447E+04
0.547403E-02 -.10864654096276E+04
0.560923E-02 -.10600423621534E+04
0.574778E-02 -.10342561310366E+04
0.588975E-02 -.10090913643763E+04
0.603523E-02 -.98453308031707E+03
0.618430E-02 -.96056665813081E+03
0.633705E-02 -.93717782951333E+03
0.649358E-02 -.91435267009102E+03
0.665397E-02 -.89207759113229E+03
0.681832E-02 -.87033933145898E+03
0.698673E-02 -.84912494955277E+03
0.715931E-02 -.82842181585209E+03
0.733614E-02 -.80821760523476E+03
0.751734E-02 -.78850028968204E+03
0.770302E-02 -.76925813111962E+03
0.789329E-02 -.75047967443136E+03
0.808825E-02 -.73215374064154E+03
0.828803E-02 -.71426942026167E+03
0.849274E-02 -.69681606679783E+03
0.870252E-02 -.67978329041469E+03
0.891747E-02 -.66316095175244E+03
0.913773E-02 -.64693915589297E+03
0.936343E-02 -.63110824647169E+03
0.959471E-02 -.61565879993150E+03
0.983170E-02 -.60058161991550E+03
0.100745E-01 -.58586773179505E+03
0.103234E-01 -.57150837733000E+03
0.105784E-01 -.55749500945789E+03
0.108397E-01 -.54381928720898E+03
0.111074E-01 -.53047307074411E+03
0.113817E-01 -.51744841651251E+03
0.116629E-01 -.50473757252652E+03
0.119509E-01 -.49233297375055E+03
0.122461E-01 -.48022723760153E+03
0.125486E-01 -.46841315955802E+03
0.128586E-01 -.45688370887560E+03
0.131762E-01 -.44563202440579E+03
0.135016E-01 -.43465141051613E+03
0.138351E-01 -.42393533310891E+03
0.141768E-01 -.41347741573631E+03
0.145270E-01 -.40327143580942E+03
0.148858E-01 -.39331132089915E+03
0.152535E-01 -.38359114512659E+03
0.156303E-01 -.37410512564081E+03
0.160163E-01 -.36484761918197E+03
0.164119E-01 -.35581311872766E+03
0.168173E-01 -.34699625022050E+03
0.172327E-01 -.33839176937502E+03
0.176584E-01 -.32999455856201E+03
0.180945E-01 -.32179962376829E+03
0.185414E-01 -.31380209163030E+03
0.189994E-01 -.30599720653956E+03
0.194687E-01 -.29838032781841E+03
0.199496E-01 -.29094692696421E+03
0.204423E-01 -.28369258496044E+03
0.209473E-01 -.27661298965307E+03
0.214647E-01 -.26970393319060E+03
0.219948E-01 -.26296130952623E+03
0.225381E-01 -.25638111198071E+03
0.230948E-01 -.24995943086430E+03
0.236652E-01 -.24369245115655E+03
0.242498E-01 -.23757645024234E+03
0.248487E-01 -.23160779570293E+03
0.254625E-01 -.22578294316058E+03
0.260914E-01 -.22009843417557E+03
0.267359E-01 -.21455089419418E+03
0.273963E-01 -.20913703054646E+03
0.280730E-01 -.20385363049254E+03
0.287664E-01 -.19869755931634E+03
0.294769E-01 -.19366575846542E+03
0.302050E-01 -.18875524373584E+03
0.309510E-01 -.18396310350095E+03
0.317155E-01 -.17928649698298E+03
0.324989E-01 -.17472265256629E+03
0.333016E-01 -.17026886615140E+03
0.341242E-01 -.16592249954849E+03
0.349670E-01 -.16168097890961E+03
0.358307E-01 -.15754179319846E+03
0.367157E-01 -.15350249269679E+03
0.376226E-01 -.14956068754650E+03
0.385519E-01 -.14571404632642E+03
0.395041E-01 -.14196029466289E+03
0.404799E-01 -.13829721387330E+03
0.414797E-01 -.13472263964154E+03
0.425043E-01 -.13123446072461E+03
0.435541E-01 -.12783061768949E+03
0.446299E-01 -.12450910167943E+03
0.457323E-01 -.12126795320878E+03
0.468619E-01 -.11810526098566E+03
0.480194E-01 -.11501916076149E+03
0.492054E-01 -.11200783420680E+03
0.504208E-01 -.10906950781230E+03
0.516662E-01 -.10620245181474E+03
0.529424E-01 -.10340497914651E+03
0.542500E-01 -.10067544440848E+03
0.555900E-01 -.98012242865188E+02
0.569631E-01 -.95413809461834E+02
0.583701E-01 -.92878617862219E+02
0.598118E-01 -.90405179507067E+02
0.612892E-01 -.87992042692014E+02
0.628030E-01 -.85637791664626E+02
0.643542E-01 -.83341045739819E+02
0.659438E-01 -.81100458433048E+02
0.675726E-01 -.78914716610682E+02
0.692416E-01 -.76782539656969E+02
0.709519E-01 -.74702678657041E+02
0.727044E-01 -.72673915595403E+02
0.745002E-01 -.70695062569392E+02
0.763404E-01 -.68764961017105E+02
0.782260E-01 -.66882480959311E+02
0.801582E-01 -.65046520254913E+02
0.821381E-01 -.63256003869509E+02
0.841669E-01 -.61509883156671E+02
0.862458E-01 -.59807135151574E+02
0.883761E-01 -.58146761876614E+02
0.905590E-01 -.56527789658738E+02
0.927958E-01 -.54949268458180E+02
0.950878E-01 -.53410271208395E+02
0.974365E-01 -.51909893166962E+02
0.998432E-01 -.50447251277316E+02
0.102309E+00 -.49021483541163E+02
0.104836E+00 -.47631748401511E+02
0.107426E+00 -.46277224136275E+02
0.110079E+00 -.44957108262454E+02
0.112798E+00 -.43670616950931E+02
0.115584E+00 -.42416984451992E+02
0.118439E+00 -.41195462531708E+02
0.121365E+00 -.40005319919361E+02
0.124362E+00 -.38845841766157E+02
0.127434E+00 -.37716329115506E+02
0.130582E+00 -.36616098385193E+02
0.133807E+00 -.35544480861831E+02
0.137112E+00 -.34500822208003E+02
0.140499E+00 -.33484481982565E+02
0.143969E+00 -.32494833174614E+02
0.147525E+00 -.31531261751670E+02
0.151169E+00 -.30593166222658E+02
0.154903E+00 -.29679957216300E+02
0.158729E+00 -.28791057075566E+02
0.162650E+00 -.27925899468861E+02
0.166667E+00 -.27083929018637E+02
0.170784E+00 -.26264600948137E+02
0.175002E+00 -.25467380747001E+02
0.179325E+00 -.24691743856441E+02
0.183754E+00 -.23937175374722E+02
0.188293E+00 -.23203169783651E+02
0.192944E+00 -.22489230696780E+02
0.197709E+00 -.21794870629983E+02
0.202593E+00 -.21119610795062E+02
0.207597E+00 -.20462980916982E+02
0.212724E+00 -.19824519075282E+02
0.217979E+00 -.19203771570186E+02
0.223363E+00 -.18600292813831E+02
0.228880E+00 -.18013645246996E+02
0.234533E+00 -.17443399281626E+02
0.240326E+00 -.16889133269336E+02
0.246262E+00 -.16350433496023E+02
0.252345E+00 -.15826894202566E+02
0.258578E+00 -.15318117631501E+02
0.264965E+00 -.14823714099415E+02
0.271509E+00 -.14343302094640E+02
0.278216E+00 -.13876508399661E+02
0.285087E+00 -.13422968237448E+02
0.292129E+00 -.12982325440645E+02
0.299345E+00 -.12554232642277E+02
0.306739E+00 -.12138351486222E+02
0.314315E+00 -.11734352855243E+02
0.322079E+00 -.11341917113740E+02
0.330034E+00 -.10960734361637E+02
0.338186E+00 -.10590504694812E+02
0.346539E+00 -.10230938466240E+02
0.355098E+00 -.98817565404357E+01
0.363869E+00 -.95426905313355E+01
0.372857E+00 -.92134830143635E+01
0.382066E+00 -.88938876929790E+01
0.391504E+00 -.85836695067334E+01
0.401174E+00 -.82826046565183E+01
0.411083E+00 -.79904805216921E+01
0.421236E+00 -.77070954393408E+01
0.431641E+00 -.74322583126496E+01
0.442302E+00 -.71657880135370E+01
0.453227E+00 -.69075125454517E+01
0.464422E+00 -.66572679369278E+01
0.475893E+00 -.64148968466529E+01
0.487648E+00 -.61802468778104E+01
0.499693E+00 -.59531686241041E+01
0.512035E+00 -.57335135018094E+01
0.524682E+00 -.55211314592445E+01
0.537642E+00 -.53158686928373E+01
0.550922E+00 -.51175655308947E+01
0.564530E+00 -.49260546643488E+01
0.578473E+00 -.47411599006340E+01
0.592762E+00 -.45626955876496E+01
0.607403E+00 -.43904667996686E+01
0.622406E+00 -.42242703024005E+01
0.637779E+00 -.40638962319889E+01
0.653532E+00 -.39091303470936E+01
0.669675E+00 -.37597566578871E+01
0.686216E+00 -.36155602095744E+01
0.703165E+00 -.34763298029538E+01
0.720533E+00 -.33418604660009E+01
0.738330E+00 -.32119555393979E+01
0.756567E+00 -.30864282947064E+01
0.775254E+00 -.29651030570444E+01
0.794403E+00 -.28478158481024E+01
0.814025E+00 -.27344145968929E+01
0.834131E+00 -.26247589844901E+01
0.854734E+00 -.25187199968456E+01
0.875846E+00 -.24161792592163E+01
0.897480E+00 -.23170282196393E+01
0.919648E+00 -.22211672397070E+01
0.942363E+00 -.21285046405707E+01
0.965639E+00 -.20389557419256E+01
0.989491E+00 -.19524419225013E+01
0.101393E+01 -.18688897226742E+01
0.103898E+01 -.17882300033325E+01
0.106464E+01 -.17103971699907E+01
0.109093E+01 -.16353284672145E+01
0.111788E+01 -.15629633454737E+01
0.114549E+01 -.14932429004061E+01
0.117379E+01 -.14261093829612E+01
0.120278E+01 -.13615057778563E+01
0.123249E+01 -.12993754470861E+01
0.126293E+01 -.12396618347926E+01
0.129412E+01 -.11823082295443E+01
0.132609E+01 -.11272575799400E+01
0.135884E+01 -.10744523593984E+01
0.139241E+01 -.10238344760039E+01
0.142680E+01 -.97534522331614E+00
0.146204E+01 -.92892526811824E+00
0.149815E+01 -.88451467115639E+00
0.153516E+01 -.84205293701934E+00
0.157308E+01 -.80147908940564E+00
0.161193E+01 -.76273176813864E+00
0.165175E+01 -.72574934440848E+00
0.169254E+01 -.69047005084945E+00
0.173435E+01 -.65683212320094E+00
0.177719E+01 -.62477395045016E+00
0.182108E+01 -.59423423051684E+00
0.186607E+01 -.56515212871311E+00
0.191216E+01 -.53746743639664E+00
0.195939E+01 -.51112072743011E+00
0.200778E+01 -.48605351026600E+00
0.205738E+01 -.46220837370519E+00
0.210819E+01 -.43952912452733E+00
0.216027E+01 -.41796091553984E+00
0.221362E+01 -.39745036273979E+00
0.226830E+01 -.37794565050982E+00
0.232433E+01 -.35939662405960E+00
0.238174E+01 -.34175486846138E+00
0.244057E+01 -.32497377395386E+00
0.250085E+01 -.30900858732869E+00
0.256262E+01 -.29381644944545E+00
0.262592E+01 -.27935641910773E+00
0.269078E+01 -.26558948370897E+00
0.275724E+01 -.25247855721644E+00
0.282534E+01 -.23998846620344E+00
0.289513E+01 -.22808592476172E+00
0.296664E+01 -.21673949922779E+00
0.303992E+01 -.20591956373649E+00
0.311500E+01 -.19559824767440E+00
0.319194E+01 -.18574937614191E+00
0.327078E+01 -.17634840454881E+00
0.335157E+01 -.16737234846363E+00
0.343436E+01 -.15879970981305E+00
0.351918E+01 -.15061040048624E+00
0.360611E+01 -.14278566434232E+00
0.369518E+01 -.13530799854841E+00
0.378645E+01 -.12816107509438E+00
0.387997E+01 -.12132966324089E+00
0.397581E+01 -.11479955356144E+00
0.407401E+01 -.10855748414102E+00
0.417464E+01 -.10259106939499E+00
0.427775E+01 -.96888731874830E-01
0.438341E+01 -.91439637334999E-01
0.449168E+01 -.86233633248489E-01
0.460263E+01 -.81261190879926E-01
0.471631E+01 -.76513350955056E-01
0.483281E+01 -.71981672905215E-01
0.495218E+01 -.67658187615197E-01
0.507450E+01 -.63535353563027E-01
0.519984E+01 -.59606016210162E-01
0.532827E+01 -.55863370480244E-01
0.545988E+01 -.52300926152822E-01
0.559474E+01 -.48912475994657E-01
0.573293E+01 -.45692066454163E-01
0.587453E+01 -.42633970753112E-01
0.601963E+01 -.39732664222688E-01
0.616832E+01 -.36982801747055E-01
0.632068E+01 -.34379197195623E-01
0.647680E+01 -.31916804743899E-01
0.663677E+01 -.29590702001240E-01
0.680070E+01 -.27396074880878E-01
0.696868E+01 -.25328204162519E-01
0.714081E+01 -.23382453710021E-01
0.731718E+01 -.21554260315465E-01
0.749792E+01 -.19839125146323E-01
0.768312E+01 -.18232606773940E-01
0.787289E+01 -.16730315759573E-01
0.806735E+01 -.15327910768642E-01
0.826661E+01 -.14021096175271E-01
0.847080E+01 -.12805621107817E-01
0.868003E+01 -.11677279872717E-01
0.889443E+01 -.10631913678991E-01
0.911412E+01 -.96654135699868E-02
0.933924E+01 -.87737244530290E-02
0.956992E+01 -.79528501022391E-02
0.980629E+01 -.71988589956492E-02
0.100485E+02 -.65078908353893E-02
0.102967E+02 -.58761635897991E-02
0.105510E+02 -.52999808892601E-02
0.108116E+02 -.47757396037148E-02
0.110787E+02 -.42999374295239E-02
0.113523E+02 -.38691803165945E-02
0.116327E+02 -.34801895736543E-02
0.119201E+02 -.31298084999222E-02
0.122145E+02 -.28150084050891E-02
0.125162E+02 -.25328938959696E-02
0.128253E+02 -.22807073270833E-02
0.131421E+02 -.20558323330963E-02
0.134667E+02 -.18557963829753E-02
0.137994E+02 -.16782723182308E-02
0.141402E+02 -.15210788600964E-02
0.144895E+02 -.13821800923209E-02
0.148474E+02 -.12596839468258E-02
0.152141E+02 -.11518397384011E-02
0.155899E+02 -.10570348113261E-02
0.159750E+02 -.97379037505049E-03
0.163695E+02 -.90075661765636E-03
0.167739E+02 -.83670719452764E-03
0.171882E+02 -.78053319543455E-03
0.176127E+02 -.73123669641118E-03
0.180478E+02 -.68792400292136E-03
0.184935E+02 -.64979868890843E-03
0.189503E+02 -.61615453176222E-03
0.194184E+02 -.58636843711199E-03
0.198980E+02 -.55989344003682E-03
0.203895E+02 -.53625185644316E-03
0.208931E+02 -.51502866974667E-03
0.214092E+02 -.49586513880461E-03
0.219380E+02 -.46673666095341E-03
0.224799E+02 -.44484234816773E-03
0.230351E+02 -.43411959418833E-03
0.236041E+02 -.42365530807742E-03
0.241871E+02 -.41344325956551E-03
0.247845E+02 -.40347736856174E-03
0.253967E+02 -.39375170153373E-03
0.260240E+02 -.38426046797471E-03
0.266668E+02 -.37499801695588E-03
0.273255E+02 -.36595883376196E-03
0.280004E+02 -.35713753660775E-03
0.286920E+02 -.34852887343394E-03
0.294007E+02 -.34012771878007E-03
0.301269E+02 -.33192907073297E-03
0.308711E+02 -.32392804794864E-03
0.316336E+02 -.31611988674602E-03
0.324149E+02 -.30849993827073E-03
0.332156E+02 -.30106366572727E-03
0.340360E+02 -.29380664167783E-03
0.348767E+02 -.28672454540630E-03
0.357381E+02 -.27981316034576E-03
0.366209E+02 -.27306837156803E-03
0.375254E+02 -.26648616333369E-03
0.384523E+02 -.26006261670117E-03
0.394020E+02 -.25379390719349E-03
0.403753E+02 -.24767630252121E-03
0.413725E+02 -.24170616036031E-03
0.423945E+02 -.23587992618358E-03
0.434416E+02 -.23019413114432E-03
0.445146E+02 -.22464539001104E-03
0.456141E+02 -.21923039915199E-03
0.467408E+02 -.21394593456816E-03
0.478953E+02 -.20878884997380E-03
0.490783E+02 -.20375607492320E-03
0.502905E+02 -.19884461298253E-03
0.515327E+02 -.19405153994587E-03
0.528056E+02 -.18937400209414E-03
0.541099E+02 -.18480921449609E-03
0.554464E+02 -.18035445935014E-03
0.568159E+02 -.17600708436629E-03
0.582192E+02 -.17176450118698E-03
0.596573E+02 -.16762418384598E-03
0.611308E+02 -.16358366726455E-03
0.626407E+02 -.15964054578369E-03
0.641880E+02 -.15579247173191E-03
0.657734E+02 -.15203715402743E-03
0.673980E+02 -.14837235681412E-03
0.690627E+02 -.14479589813031E-03
0.707686E+02 -.14130564860965E-03
0.725166E+02 -.13789953021338E-03
0.743077E+02 -.13457551499305E-03
0.761431E+02 -.13133162388313E-03
0.780239E+02 -.12816592552272E-03
