# 4s  7  4  0  0   501
0.240385E-03 0.247034E-02
0.271575E-03 0.278243E-02
0.306813E-03 0.313362E-02
0.346623E-03 0.352871E-02
0.391599E-03 0.397306E-02
0.442410E-03 0.447267E-02
0.499814E-03 0.503422E-02
0.564667E-03 0.566516E-02
0.637935E-03 0.637374E-02
0.720709E-03 0.716915E-02
0.814223E-03 0.806152E-02
0.919871E-03 0.906203E-02
0.103923E-02 0.101830E-01
0.117407E-02 0.114379E-01
0.132641E-02 0.128415E-01
0.149852E-02 0.144097E-01
0.169296E-02 0.161597E-01
0.191262E-02 0.181099E-01
0.216079E-02 0.202799E-01
0.244116E-02 0.226901E-01
0.275791E-02 0.253618E-01
0.311576E-02 0.283162E-01
0.352004E-02 0.315746E-01
0.397678E-02 0.351570E-01
0.449278E-02 0.390816E-01
0.507573E-02 0.433630E-01
0.573433E-02 0.480110E-01
0.647837E-02 0.530280E-01
0.731897E-02 0.584066E-01
0.826863E-02 0.641263E-01
0.934151E-02 0.701497E-01
0.105536E-01 0.764174E-01
0.119230E-01 0.828431E-01
0.134700E-01 0.893074E-01
0.152178E-01 0.956510E-01
0.171924E-01 0.101668E+00
0.194231E-01 0.107100E+00
0.219433E-01 0.111629E+00
0.247906E-01 0.114874E+00
0.280072E-01 0.116393E+00
0.316413E-01 0.115686E+00
0.357468E-01 0.112207E+00
0.403851E-01 0.105389E+00
0.456252E-01 0.946793E-01
0.515452E-01 0.795916E-01
0.582334E-01 0.597750E-01
0.657894E-01 0.351023E-01
0.743258E-01 0.577285E-02
0.839698E-01 -.275762E-01
0.948652E-01 -.637618E-01
0.107174E+00 -.100969E+00
0.121081E+00 -.136713E+00
0.136791E+00 -.167878E+00
0.154540E+00 -.190866E+00
0.174592E+00 -.201886E+00
0.197246E+00 -.197380E+00
0.222840E+00 -.174590E+00
0.251754E+00 -.132201E+00
0.284420E+00 -.709875E-01
0.321325E+00 0.566845E-02
0.363017E+00 0.915533E-01
0.410120E+00 0.177843E+00
0.463335E+00 0.253861E+00
0.523454E+00 0.308360E+00
0.591374E+00 0.331208E+00
0.668107E+00 0.315203E+00
0.754796E+00 0.257569E+00
0.852733E+00 0.160682E+00
0.963379E+00 0.319050E-01
0.108838E+01 -.117372E+00
0.122960E+01 -.273206E+00
0.138915E+01 -.420850E+00
0.156939E+01 -.546541E+00
0.177303E+01 -.639087E+00
0.200308E+01 -.691021E+00
0.226299E+01 -.699321E+00
0.255662E+01 -.665785E+00
0.288835E+01 -.596936E+00
0.326313E+01 -.503240E+00
0.368653E+01 -.397517E+00
0.416487E+01 -.292750E+00
0.470527E+01 -.199756E+00
0.531580E+01 -.125382E+00
0.600554E+01 -.718070E-01
0.678478E+01 -.371835E-01
0.766513E+01 -.172323E-01
0.865971E+01 -.706438E-02
0.978333E+01 -.252738E-02
0.110528E+02 -.776768E-03
0.124869E+02 -.201359E-03
0.141071E+02 -.431008E-04
0.159376E+02 -.743415E-05
0.180055E+02 -.100483E-05
0.203418E+02 -.103110E-06
0.229812E+02 -.774818E-08
0.259631E+02 -.409236E-09
0.293319E+02 -.144986E-10
0.331378E+02 -.326638E-12
0.374375E+02 -.440184E-14
0.422952E+02 -.330801E-16
0.477831E+02 -.127060E-18
# 3d  6  3  2  0   460
0.240385E-03 0.430559E-08
0.271575E-03 0.590717E-08
0.306813E-03 0.815717E-08
0.346623E-03 0.113216E-07
0.391599E-03 0.157644E-07
0.442410E-03 0.219998E-07
0.499814E-03 0.307543E-07
0.564667E-03 0.430556E-07
0.637935E-03 0.603575E-07
0.720709E-03 0.847199E-07
0.814223E-03 0.119063E-06
0.919871E-03 0.167533E-06
0.103923E-02 0.236017E-06
0.117407E-02 0.332887E-06
0.132641E-02 0.470054E-06
0.149852E-02 0.664472E-06
0.169296E-02 0.940290E-06
0.191262E-02 0.133191E-05
0.216079E-02 0.188838E-05
0.244116E-02 0.267957E-05
0.275791E-02 0.380509E-05
0.311576E-02 0.540690E-05
0.352004E-02 0.768723E-05
0.397678E-02 0.109340E-04
0.449278E-02 0.155571E-04
0.507573E-02 0.221393E-04
0.573433E-02 0.315083E-04
0.647837E-02 0.448389E-04
0.731897E-02 0.637954E-04
0.826863E-02 0.907325E-04
0.934151E-02 0.128974E-03
0.105536E-01 0.183204E-03
0.119230E-01 0.260003E-03
0.134700E-01 0.368592E-03
0.152178E-01 0.521848E-03
0.171924E-01 0.737687E-03
0.194231E-01 0.104093E-02
0.219433E-01 0.146579E-02
0.247906E-01 0.205917E-02
0.280072E-01 0.288500E-02
0.316413E-01 0.402971E-02
0.357468E-01 0.560934E-02
0.403851E-01 0.777812E-02
0.456252E-01 0.107390E-01
0.515452E-01 0.147557E-01
0.582334E-01 0.201665E-01
0.657894E-01 0.273979E-01
0.743258E-01 0.369784E-01
0.839698E-01 0.495480E-01
0.948652E-01 0.658622E-01
0.107174E+00 0.867836E-01
0.121081E+00 0.113258E+00
0.136791E+00 0.146269E+00
0.154540E+00 0.186757E+00
0.174592E+00 0.235521E+00
0.197246E+00 0.293068E+00
0.222840E+00 0.359440E+00
0.251754E+00 0.434024E+00
0.284420E+00 0.515356E+00
0.321325E+00 0.600986E+00
0.363017E+00 0.687451E+00
0.410120E+00 0.770377E+00
0.463335E+00 0.844737E+00
0.523454E+00 0.905260E+00
0.591374E+00 0.947069E+00
0.668107E+00 0.966459E+00
0.754796E+00 0.961543E+00
0.852733E+00 0.932508E+00
0.963379E+00 0.881456E+00
0.108838E+01 0.811956E+00
0.122960E+01 0.728532E+00
0.138915E+01 0.636203E+00
0.156939E+01 0.540059E+00
0.177303E+01 0.444868E+00
0.200308E+01 0.354722E+00
0.226299E+01 0.272844E+00
0.255662E+01 0.201529E+00
0.288835E+01 0.142137E+00
0.326313E+01 0.950854E-01
0.368653E+01 0.598655E-01
0.416487E+01 0.351618E-01
0.470527E+01 0.190781E-01
0.531580E+01 0.946011E-02
0.600554E+01 0.423691E-02
0.678478E+01 0.169208E-02
0.766513E+01 0.594089E-03
0.865971E+01 0.180491E-03
0.978333E+01 0.466040E-04
0.110528E+02 0.100193E-04
0.124869E+02 0.175176E-05
0.141071E+02 0.242455E-06
0.159376E+02 0.257606E-07
# 3p  5  3  1  0   456
0.240385E-03 0.208075E-04
0.271575E-03 0.254526E-04
0.306813E-03 0.312669E-04
0.346623E-03 0.385597E-04
0.391599E-03 0.476909E-04
0.442410E-03 0.591139E-04
0.499814E-03 0.733999E-04
0.564667E-03 0.912682E-04
0.637935E-03 0.113625E-03
0.720709E-03 0.141611E-03
0.814223E-03 0.176666E-03
0.919871E-03 0.220603E-03
0.103923E-02 0.275708E-03
0.117407E-02 0.344864E-03
0.132641E-02 0.431704E-03
0.149852E-02 0.540808E-03
0.169296E-02 0.677950E-03
0.191262E-02 0.850397E-03
0.216079E-02 0.106730E-02
0.244116E-02 0.134016E-02
0.275791E-02 0.168342E-02
0.311576E-02 0.211522E-02
0.352004E-02 0.265825E-02
0.397678E-02 0.334089E-02
0.449278E-02 0.419853E-02
0.507573E-02 0.527521E-02
0.573433E-02 0.662553E-02
0.647837E-02 0.831700E-02
0.731897E-02 0.104327E-01
0.826863E-02 0.130745E-01
0.934151E-02 0.163665E-01
0.105536E-01 0.204589E-01
0.119230E-01 0.255322E-01
0.134700E-01 0.318014E-01
0.152178E-01 0.395199E-01
0.171924E-01 0.489825E-01
0.194231E-01 0.605267E-01
0.219433E-01 0.745315E-01
0.247906E-01 0.914118E-01
0.280072E-01 0.111607E+00
0.316413E-01 0.135561E+00
0.357468E-01 0.163689E+00
0.403851E-01 0.196335E+00
0.456252E-01 0.233707E+00
0.515452E-01 0.275792E+00
0.582334E-01 0.322257E+00
0.657894E-01 0.372322E+00
0.743258E-01 0.424630E+00
0.839698E-01 0.477106E+00
0.948652E-01 0.526845E+00
0.107174E+00 0.570034E+00
0.121081E+00 0.601969E+00
0.136791E+00 0.617188E+00
0.154540E+00 0.609785E+00
0.174592E+00 0.573907E+00
0.197246E+00 0.504462E+00
0.222840E+00 0.397996E+00
0.251754E+00 0.253655E+00
0.284420E+00 0.741164E-01
0.321325E+00 -.133723E+00
0.363017E+00 -.358547E+00
0.410120E+00 -.585142E+00
0.463335E+00 -.795734E+00
0.523454E+00 -.972085E+00
0.591374E+00 -.109817E+01
0.668107E+00 -.116300E+01
0.754796E+00 -.116277E+01
0.852733E+00 -.110161E+01
0.963379E+00 -.990637E+00
0.108838E+01 -.845747E+00
0.122960E+01 -.684785E+00
0.138915E+01 -.524717E+00
0.156939E+01 -.379300E+00
0.177303E+01 -.257580E+00
0.200308E+01 -.163453E+00
0.226299E+01 -.962769E-01
0.255662E+01 -.522089E-01
0.288835E+01 -.258128E-01
0.326313E+01 -.115044E-01
0.368653E+01 -.456201E-02
0.416487E+01 -.158575E-02
0.470527E+01 -.475088E-03
0.531580E+01 -.120375E-03
0.600554E+01 -.252511E-04
0.678478E+01 -.428190E-05
0.766513E+01 -.571400E-06
0.865971E+01 -.582103E-07
0.978333E+01 -.437345E-08
0.110528E+02 -.232975E-09
0.124869E+02 -.841159E-11
0.141071E+02 -.195471E-12
0.159376E+02 -.275077E-14
# 3s  4  3  0  0   454
0.240385E-03 0.800911E-02
0.271575E-03 0.902096E-02
0.306813E-03 0.101596E-01
0.346623E-03 0.114405E-01
0.391599E-03 0.128811E-01
0.442410E-03 0.145009E-01
0.499814E-03 0.163215E-01
0.564667E-03 0.183671E-01
0.637935E-03 0.206644E-01
0.720709E-03 0.232432E-01
0.814223E-03 0.261364E-01
0.919871E-03 0.293802E-01
0.103923E-02 0.330146E-01
0.117407E-02 0.370832E-01
0.132641E-02 0.416338E-01
0.149852E-02 0.467181E-01
0.169296E-02 0.523919E-01
0.191262E-02 0.587149E-01
0.216079E-02 0.657505E-01
0.244116E-02 0.735651E-01
0.275791E-02 0.822272E-01
0.311576E-02 0.918064E-01
0.352004E-02 0.102371E+00
0.397678E-02 0.113987E+00
0.449278E-02 0.126712E+00
0.507573E-02 0.140595E+00
0.573433E-02 0.155667E+00
0.647837E-02 0.171936E+00
0.731897E-02 0.189379E+00
0.826863E-02 0.207930E+00
0.934151E-02 0.227467E+00
0.105536E-01 0.247801E+00
0.119230E-01 0.268651E+00
0.134700E-01 0.289632E+00
0.152178E-01 0.310230E+00
0.171924E-01 0.329781E+00
0.194231E-01 0.347449E+00
0.219433E-01 0.362208E+00
0.247906E-01 0.372831E+00
0.280072E-01 0.377890E+00
0.316413E-01 0.375770E+00
0.357468E-01 0.364712E+00
0.403851E-01 0.342886E+00
0.456252E-01 0.308506E+00
0.515452E-01 0.259997E+00
0.582334E-01 0.196217E+00
0.657894E-01 0.116731E+00
0.743258E-01 0.221399E-01
0.839698E-01 -.855697E-01
0.948652E-01 -.202692E+00
0.107174E+00 -.323535E+00
0.121081E+00 -.440311E+00
0.136791E+00 -.543266E+00
0.154540E+00 -.621151E+00
0.174592E+00 -.662105E+00
0.197246E+00 -.654961E+00
0.222840E+00 -.590913E+00
0.251754E+00 -.465379E+00
0.284420E+00 -.279779E+00
0.321325E+00 -.428473E-01
0.363017E+00 0.228999E+00
0.410120E+00 0.512633E+00
0.463335E+00 0.780697E+00
0.523454E+00 0.100537E+01
0.591374E+00 0.116296E+01
0.668107E+00 0.123834E+01
0.754796E+00 0.122807E+01
0.852733E+00 0.114085E+01
0.963379E+00 0.995316E+00
0.108838E+01 0.815789E+00
0.122960E+01 0.627349E+00
0.138915E+01 0.451403E+00
0.156939E+01 0.302693E+00
0.177303E+01 0.188164E+00
0.200308E+01 0.107718E+00
0.226299E+01 0.563260E-01
0.255662E+01 0.266386E-01
0.288835E+01 0.112625E-01
0.326313E+01 0.419953E-02
0.368653E+01 0.135971E-02
0.416487E+01 0.375544E-03
0.470527E+01 0.867154E-04
0.531580E+01 0.163637E-04
0.600554E+01 0.245975E-05
0.678478E+01 0.286153E-06
0.766513E+01 0.249365E-07
0.865971E+01 0.156870E-08
0.978333E+01 0.682958E-10
0.110528E+02 0.196086E-11
0.124869E+02 0.351278E-13
0.141071E+02 0.368432E-15
# 2p  3  2  1  0   406
0.240385E-03 0.550325E-04
0.271575E-03 0.673182E-04
0.306813E-03 0.826958E-04
0.346623E-03 0.101984E-03
0.391599E-03 0.126134E-03
0.442410E-03 0.156346E-03
0.499814E-03 0.194129E-03
0.564667E-03 0.241387E-03
0.637935E-03 0.300515E-03
0.720709E-03 0.374533E-03
0.814223E-03 0.467246E-03
0.919871E-03 0.583449E-03
0.103923E-02 0.729188E-03
0.117407E-02 0.912088E-03
0.132641E-02 0.114176E-02
0.149852E-02 0.143032E-02
0.169296E-02 0.179303E-02
0.191262E-02 0.224912E-02
0.216079E-02 0.282279E-02
0.244116E-02 0.354447E-02
0.275791E-02 0.445238E-02
0.311576E-02 0.559448E-02
0.352004E-02 0.703083E-02
0.397678E-02 0.883653E-02
0.449278E-02 0.111052E-01
0.507573E-02 0.139535E-01
0.573433E-02 0.175260E-01
0.647837E-02 0.220015E-01
0.731897E-02 0.276003E-01
0.826863E-02 0.345923E-01
0.934151E-02 0.433068E-01
0.105536E-01 0.541429E-01
0.119230E-01 0.675807E-01
0.134700E-01 0.841931E-01
0.152178E-01 0.104657E+00
0.171924E-01 0.129762E+00
0.194231E-01 0.160417E+00
0.219433E-01 0.197650E+00
0.247906E-01 0.242595E+00
0.280072E-01 0.296474E+00
0.316413E-01 0.360548E+00
0.357468E-01 0.436053E+00
0.403851E-01 0.524099E+00
0.456252E-01 0.625533E+00
0.515452E-01 0.740762E+00
0.582334E-01 0.869540E+00
0.657894E-01 0.101072E+01
0.743258E-01 0.116198E+01
0.839698E-01 0.131960E+01
0.948652E-01 0.147828E+01
0.107174E+00 0.163104E+01
0.121081E+00 0.176940E+01
0.136791E+00 0.188377E+01
0.154540E+00 0.196412E+01
0.174592E+00 0.200108E+01
0.197246E+00 0.198717E+01
0.222840E+00 0.191813E+01
0.251754E+00 0.179417E+01
0.284420E+00 0.162071E+01
0.321325E+00 0.140844E+01
0.363017E+00 0.117255E+01
0.410120E+00 0.930766E+00
0.463335E+00 0.700828E+00
0.523454E+00 0.497631E+00
0.591374E+00 0.331046E+00
0.668107E+00 0.204839E+00
0.754796E+00 0.116957E+00
0.852733E+00 0.610837E-01
0.963379E+00 0.288970E-01
0.108838E+01 0.122461E-01
0.122960E+01 0.459070E-02
0.138915E+01 0.150047E-02
0.156939E+01 0.420625E-03
0.177303E+01 0.992539E-04
0.200308E+01 0.192980E-04
0.226299E+01 0.301718E-05
0.255662E+01 0.368923E-06
0.288835E+01 0.341774E-07
0.326313E+01 0.231374E-08
0.368653E+01 0.109843E-09
0.416487E+01 0.348885E-11
0.470527E+01 0.701789E-13
# 2s  2  2  0  0   410
0.240385E-03 0.208297E-01
0.271575E-03 0.234613E-01
0.306813E-03 0.264225E-01
0.346623E-03 0.297539E-01
0.391599E-03 0.335006E-01
0.442410E-03 0.377134E-01
0.499814E-03 0.424485E-01
0.564667E-03 0.477686E-01
0.637935E-03 0.537436E-01
0.720709E-03 0.604507E-01
0.814223E-03 0.679755E-01
0.919871E-03 0.764124E-01
0.103923E-02 0.858652E-01
0.117407E-02 0.964476E-01
0.132641E-02 0.108284E+00
0.149852E-02 0.121509E+00
0.169296E-02 0.136267E+00
0.191262E-02 0.152715E+00
0.216079E-02 0.171017E+00
0.244116E-02 0.191347E+00
0.275791E-02 0.213883E+00
0.311576E-02 0.238807E+00
0.352004E-02 0.266299E+00
0.397678E-02 0.296529E+00
0.449278E-02 0.329652E+00
0.507573E-02 0.365796E+00
0.573433E-02 0.405046E+00
0.647837E-02 0.447430E+00
0.731897E-02 0.492893E+00
0.826863E-02 0.541273E+00
0.934151E-02 0.592269E+00
0.105536E-01 0.645401E+00
0.119230E-01 0.699969E+00
0.134700E-01 0.755002E+00
0.152178E-01 0.809206E+00
0.171924E-01 0.860908E+00
0.194231E-01 0.908007E+00
0.219433E-01 0.947929E+00
0.247906E-01 0.977597E+00
0.280072E-01 0.993434E+00
0.316413E-01 0.991403E+00
0.357468E-01 0.967109E+00
0.403851E-01 0.915970E+00
0.456252E-01 0.833496E+00
0.515452E-01 0.715663E+00
0.582334E-01 0.559410E+00
0.657894E-01 0.363246E+00
0.743258E-01 0.127923E+00
0.839698E-01 -.142879E+00
0.948652E-01 -.441954E+00
0.107174E+00 -.758198E+00
0.121081E+00 -.107663E+01
0.136791E+00 -.137895E+01
0.154540E+00 -.164480E+01
0.174592E+00 -.185373E+01
0.197246E+00 -.198773E+01
0.222840E+00 -.203404E+01
0.251754E+00 -.198771E+01
0.284420E+00 -.185329E+01
0.321325E+00 -.164524E+01
0.363017E+00 -.138640E+01
0.410120E+00 -.110467E+01
0.463335E+00 -.828368E+00
0.523454E+00 -.581347E+00
0.591374E+00 -.379365E+00
0.668107E+00 -.228505E+00
0.754796E+00 -.126000E+00
0.852733E+00 -.630200E-01
0.963379E+00 -.282942E-01
0.108838E+01 -.112689E-01
0.122960E+01 -.392774E-02
0.138915E+01 -.117959E-02
0.156939E+01 -.299881E-03
0.177303E+01 -.632424E-04
0.200308E+01 -.108117E-04
0.226299E+01 -.145937E-05
0.255662E+01 -.150925E-06
0.288835E+01 -.115552E-07
0.326313E+01 -.629820E-09
0.368653E+01 -.233700E-10
0.416487E+01 -.560934E-12
0.470527E+01 -.821397E-14
# 1s  1  1  0  0   348
0.240385E-03 0.682775E-01
0.271575E-03 0.769036E-01
0.306813E-03 0.866104E-01
0.346623E-03 0.975308E-01
0.391599E-03 0.109813E+00
0.442410E-03 0.123624E+00
0.499814E-03 0.139148E+00
0.564667E-03 0.156591E+00
0.637935E-03 0.176181E+00
0.720709E-03 0.198174E+00
0.814223E-03 0.222850E+00
0.919871E-03 0.250520E+00
0.103923E-02 0.281525E+00
0.117407E-02 0.316240E+00
0.132641E-02 0.355074E+00
0.149852E-02 0.398472E+00
0.169296E-02 0.446916E+00
0.191262E-02 0.500920E+00
0.216079E-02 0.561036E+00
0.244116E-02 0.627840E+00
0.275791E-02 0.701936E+00
0.311576E-02 0.783941E+00
0.352004E-02 0.874471E+00
0.397678E-02 0.974131E+00
0.449278E-02 0.108348E+01
0.507573E-02 0.120302E+01
0.573433E-02 0.133313E+01
0.647837E-02 0.147404E+01
0.731897E-02 0.162579E+01
0.826863E-02 0.178811E+01
0.934151E-02 0.196038E+01
0.105536E-01 0.214153E+01
0.119230E-01 0.232996E+01
0.134700E-01 0.252339E+01
0.152178E-01 0.271880E+01
0.171924E-01 0.291232E+01
0.194231E-01 0.309919E+01
0.219433E-01 0.327370E+01
0.247906E-01 0.342928E+01
0.280072E-01 0.355858E+01
0.316413E-01 0.365379E+01
0.357468E-01 0.370695E+01
0.403851E-01 0.371058E+01
0.456252E-01 0.365830E+01
0.515452E-01 0.354567E+01
0.582334E-01 0.337106E+01
0.657894E-01 0.313641E+01
0.743258E-01 0.284787E+01
0.839698E-01 0.251597E+01
0.948652E-01 0.215526E+01
0.107174E+00 0.178334E+01
0.121081E+00 0.141916E+01
0.136791E+00 0.108089E+01
0.154540E+00 0.783629E+00
0.174592E+00 0.537475E+00
0.197246E+00 0.346366E+00
0.222840E+00 0.208104E+00
0.251754E+00 0.115560E+00
0.284420E+00 0.587293E-01
0.321325E+00 0.270149E-01
0.363017E+00 0.111077E-01
0.410120E+00 0.402540E-02
0.463335E+00 0.126551E-02
0.523454E+00 0.339010E-03
0.591374E+00 0.758334E-04
0.668107E+00 0.138446E-04
0.754796E+00 0.201037E-05
0.852733E+00 0.225525E-06
0.963379E+00 0.189114E-07
0.108838E+01 0.114163E-08
