0.24038461538462E-03 0.00000000000000E+00
0.24632211538462E-03 0.00000000000000E+00
0.25240627163462E-03 0.00000000000000E+00
0.25864070654399E-03 0.00000000000000E+00
0.26502913199563E-03 0.00000000000000E+00
0.27157535155592E-03 0.00000000000000E+00
0.27828326273935E-03 0.00000000000000E+00
0.28515685932901E-03 0.00000000000000E+00
0.29220023375444E-03 0.00000000000000E+00
0.29941757952817E-03 0.00000000000000E+00
0.30681319374252E-03 0.00000000000000E+00
0.31439147962796E-03 0.00000000000000E+00
0.32215694917477E-03 0.00000000000000E+00
0.33011422581939E-03 0.00000000000000E+00
0.33826804719713E-03 0.00000000000000E+00
0.34662326796289E-03 0.00000000000000E+00
0.35518486268158E-03 0.00000000000000E+00
0.36395792878981E-03 0.00000000000000E+00
0.37294768963092E-03 0.00000000000000E+00
0.38215949756480E-03 0.00000000000000E+00
0.39159883715466E-03 0.00000000000000E+00
0.40127132843238E-03 0.00000000000000E+00
0.41118273024466E-03 0.00000000000000E+00
0.42133894368170E-03 0.00000000000000E+00
0.43174601559064E-03 0.00000000000000E+00
0.44241014217572E-03 0.00000000000000E+00
0.45333767268747E-03 0.00000000000000E+00
0.46453511320285E-03 0.00000000000000E+00
0.47600913049896E-03 0.00000000000000E+00
0.48776655602228E-03 0.00000000000000E+00
0.49981438995603E-03 0.00000000000000E+00
0.51215980538794E-03 0.00000000000000E+00
0.52481015258103E-03 0.00000000000000E+00
0.53777296334978E-03 0.00000000000000E+00
0.55105595554452E-03 0.00000000000000E+00
0.56466703764647E-03 0.00000000000000E+00
0.57861431347633E-03 0.00000000000000E+00
0.59290608701920E-03 0.00000000000000E+00
0.60755086736857E-03 0.00000000000000E+00
0.62255737379258E-03 0.00000000000000E+00
0.63793454092525E-03 0.00000000000000E+00
0.65369152408611E-03 0.00000000000000E+00
0.66983770473103E-03 0.00000000000000E+00
0.68638269603789E-03 0.00000000000000E+00
0.70333634863003E-03 0.00000000000000E+00
0.72070875644119E-03 0.00000000000000E+00
0.73851026272529E-03 0.00000000000000E+00
0.75675146621460E-03 0.00000000000000E+00
0.77544322743010E-03 0.00000000000000E+00
0.79459667514763E-03 0.00000000000000E+00
0.81422321302377E-03 0.00000000000000E+00
0.83433452638546E-03 0.00000000000000E+00
0.85494258918718E-03 0.00000000000000E+00
0.87605967114010E-03 0.00000000000000E+00
0.89769834501726E-03 0.00000000000000E+00
0.91987149413919E-03 0.00000000000000E+00
0.94259232004443E-03 0.00000000000000E+00
0.96587435034952E-03 0.00000000000000E+00
0.98973144680316E-03 0.00000000000000E+00
0.10141778135392E-02 0.00000000000000E+00
0.10392280055336E-02 0.00000000000000E+00
0.10648969372703E-02 0.00000000000000E+00
0.10911998916209E-02 0.00000000000000E+00
0.11181525289439E-02 0.00000000000000E+00
0.11457708964088E-02 0.00000000000000E+00
0.11740714375501E-02 0.00000000000000E+00
0.12030710020576E-02 0.00000000000000E+00
0.12327868558084E-02 0.00000000000000E+00
0.12632366911469E-02 0.00000000000000E+00
0.12944386374182E-02 0.00000000000000E+00
0.13264112717625E-02 0.00000000000000E+00
0.13591736301750E-02 0.00000000000000E+00
0.13927452188403E-02 0.00000000000000E+00
0.14271460257457E-02 0.00000000000000E+00
0.14623965325816E-02 0.00000000000000E+00
0.14985177269363E-02 0.00000000000000E+00
0.15355311147917E-02 0.00000000000000E+00
0.15734587333270E-02 0.00000000000000E+00
0.16123231640402E-02 0.00000000000000E+00
0.16521475461920E-02 0.00000000000000E+00
0.16929555905829E-02 0.00000000000000E+00
0.17347715936703E-02 0.00000000000000E+00
0.17776204520340E-02 0.00000000000000E+00
0.18215276771992E-02 0.00000000000000E+00
0.18665194108261E-02 0.00000000000000E+00
0.19126224402735E-02 0.00000000000000E+00
0.19598642145482E-02 0.00000000000000E+00
0.20082728606476E-02 0.00000000000000E+00
0.20578772003056E-02 0.00000000000000E+00
0.21087067671531E-02 0.00000000000000E+00
0.21607918243018E-02 0.00000000000000E+00
0.22141633823620E-02 0.00000000000000E+00
0.22688532179064E-02 0.00000000000000E+00
0.23248938923887E-02 0.00000000000000E+00
0.23823187715307E-02 0.00000000000000E+00
0.24411620451875E-02 0.00000000000000E+00
0.25014587477036E-02 0.00000000000000E+00
0.25632447787719E-02 0.00000000000000E+00
0.26265569248075E-02 0.00000000000000E+00
0.26914328808503E-02 0.00000000000000E+00
0.27579112730073E-02 0.00000000000000E+00
0.28260316814506E-02 0.00000000000000E+00
0.28958346639824E-02 0.00000000000000E+00
0.29673617801828E-02 0.00000000000000E+00
0.30406556161533E-02 0.00000000000000E+00
0.31157598098723E-02 0.00000000000000E+00
0.31927190771761E-02 0.00000000000000E+00
0.32715792383824E-02 0.00000000000000E+00
0.33523872455704E-02 0.00000000000000E+00
0.34351912105360E-02 0.00000000000000E+00
0.35200404334362E-02 0.00000000000000E+00
0.36069854321421E-02 0.00000000000000E+00
0.36960779723160E-02 0.00000000000000E+00
0.37873710982322E-02 0.00000000000000E+00
0.38809191643586E-02 0.00000000000000E+00
0.39767778677182E-02 0.00000000000000E+00
0.40750042810509E-02 0.00000000000000E+00
0.41756568867928E-02 0.00000000000000E+00
0.42787956118966E-02 0.00000000000000E+00
0.43844818635104E-02 0.00000000000000E+00
0.44927785655392E-02 0.00000000000000E+00
0.46037501961080E-02 0.00000000000000E+00
0.47174628259518E-02 0.00000000000000E+00
0.48339841577528E-02 0.00000000000000E+00
0.49533835664493E-02 0.00000000000000E+00
0.50757321405406E-02 0.00000000000000E+00
0.52011027244120E-02 0.00000000000000E+00
0.53295699617050E-02 0.00000000000000E+00
0.54612103397591E-02 0.00000000000000E+00
0.55961022351511E-02 0.00000000000000E+00
0.57343259603594E-02 0.00000000000000E+00
0.58759638115802E-02 0.00000000000000E+00
0.60211001177263E-02 0.00000000000000E+00
0.61698212906341E-02 0.00000000000000E+00
0.63222158765128E-02 0.00000000000000E+00
0.64783746086626E-02 0.00000000000000E+00
0.66383904614966E-02 0.00000000000000E+00
0.68023587058956E-02 0.00000000000000E+00
0.69703769659312E-02 0.00000000000000E+00
0.71425452769897E-02 0.00000000000000E+00
0.73189661453313E-02 0.00000000000000E+00
0.74997446091210E-02 0.00000000000000E+00
0.76849883009663E-02 0.00000000000000E+00
0.78748075120002E-02 0.00000000000000E+00
0.80693152575466E-02 0.00000000000000E+00
0.82686273444080E-02 0.00000000000000E+00
0.84728624398149E-02 0.00000000000000E+00
0.86821421420783E-02 0.00000000000000E+00
0.88965910529876E-02 0.00000000000000E+00
0.91163368519964E-02 0.00000000000000E+00
0.93415103722407E-02 0.00000000000000E+00
0.95722456784351E-02 0.00000000000000E+00
0.98086801466924E-02 0.00000000000000E+00
0.10050954546316E-01 0.00000000000000E+00
0.10299213123610E-01 0.00000000000000E+00
0.10553603687763E-01 0.00000000000000E+00
0.10814277698851E-01 0.00000000000000E+00
0.11081390358012E-01 0.00000000000000E+00
0.11355100699855E-01 0.00000000000000E+00
0.11635571687142E-01 0.00000000000000E+00
0.11922970307814E-01 0.00000000000000E+00
0.12217467674417E-01 0.00000000000000E+00
0.12519239125975E-01 0.00000000000000E+00
0.12828464332387E-01 0.00000000000000E+00
0.13145327401397E-01 0.00000000000000E+00
0.13470016988211E-01 0.00000000000000E+00
0.13802726407820E-01 0.00000000000000E+00
0.14143653750093E-01 0.00000000000000E+00
0.14493001997720E-01 0.00000000000000E+00
0.14850979147064E-01 0.00000000000000E+00
0.15217798331996E-01 0.00000000000000E+00
0.15593677950797E-01 0.00000000000000E+00
0.15978841796181E-01 0.00000000000000E+00
0.16373519188547E-01 0.00000000000000E+00
0.16777945112504E-01 0.00000000000000E+00
0.17192360356783E-01 0.00000000000000E+00
0.17617011657596E-01 0.00000000000000E+00
0.18052151845538E-01 0.00000000000000E+00
0.18498039996123E-01 0.00000000000000E+00
0.18954941584027E-01 0.00000000000000E+00
0.19423128641153E-01 0.00000000000000E+00
0.19902879918589E-01 0.00000000000000E+00
0.20394481052578E-01 0.00000000000000E+00
0.20898224734577E-01 0.00000000000000E+00
0.21414410885521E-01 0.00000000000000E+00
0.21943346834394E-01 0.00000000000000E+00
0.22485347501203E-01 0.00000000000000E+00
0.23040735584483E-01 0.00000000000000E+00
0.23609841753419E-01 0.00000000000000E+00
0.24193004844729E-01 0.00000000000000E+00
0.24790572064394E-01 0.00000000000000E+00
0.25402899194384E-01 0.00000000000000E+00
0.26030350804486E-01 0.00000000000000E+00
0.26673300469356E-01 0.00000000000000E+00
0.27332130990949E-01 0.00000000000000E+00
0.28007234626426E-01 0.00000000000000E+00
0.28699013321699E-01 0.00000000000000E+00
0.29407878950745E-01 0.00000000000000E+00
0.30134253560828E-01 0.00000000000000E+00
0.30878569623780E-01 0.00000000000000E+00
0.31641270293488E-01 0.00000000000000E+00
0.32422809669737E-01 0.00000000000000E+00
0.33223653068579E-01 0.00000000000000E+00
0.34044277299373E-01 0.00000000000000E+00
0.34885170948668E-01 0.00000000000000E+00
0.35746834671100E-01 0.00000000000000E+00
0.36629781487476E-01 0.00000000000000E+00
0.37534537090217E-01 0.00000000000000E+00
0.38461640156345E-01 0.00000000000000E+00
0.39411642668207E-01 0.00000000000000E+00
0.40385110242112E-01 0.00000000000000E+00
0.41382622465092E-01 0.00000000000000E+00
0.42404773239980E-01 0.00000000000000E+00
0.43452171139007E-01 0.00000000000000E+00
0.44525439766140E-01 0.00000000000000E+00
0.45625218128364E-01 0.00000000000000E+00
0.46752161016135E-01 0.00000000000000E+00
0.47906939393233E-01 0.00000000000000E+00
0.49090240796246E-01 0.00000000000000E+00
0.50302769743913E-01 0.00000000000000E+00
0.51545248156588E-01 0.00000000000000E+00
0.52818415786056E-01 0.00000000000000E+00
0.54123030655971E-01 0.00000000000000E+00
0.55459869513174E-01 0.00000000000000E+00
0.56829728290149E-01 0.00000000000000E+00
0.58233422578916E-01 0.00000000000000E+00
0.59671788116615E-01 0.00000000000000E+00
0.61145681283096E-01 0.00000000000000E+00
0.62655979610788E-01 0.00000000000000E+00
0.64203582307174E-01 0.00000000000000E+00
0.65789410790162E-01 0.00000000000000E+00
0.67414409236679E-01 0.00000000000000E+00
0.69079545144825E-01 0.00000000000000E+00
0.70785809909902E-01 0.00000000000000E+00
0.72534219414676E-01 0.00000000000000E+00
0.74325814634219E-01 0.00000000000000E+00
0.76161662255684E-01 0.00000000000000E+00
0.78042855313399E-01 0.00000000000000E+00
0.79970513839640E-01 0.00000000000000E+00
0.81945785531479E-01 0.00000000000000E+00
0.83969846434107E-01 0.00000000000000E+00
0.86043901641029E-01 0.00000000000000E+00
0.88169186011563E-01 0.00000000000000E+00
0.90346964906049E-01 0.00000000000000E+00
0.92578534939228E-01 0.00000000000000E+00
0.94865224752227E-01 0.00000000000000E+00
0.97208395803607E-01 0.00000000000000E+00
0.99609443179956E-01 0.00000000000000E+00
0.10206979642650E+00 0.00000000000000E+00
0.10459092039824E+00 0.00000000000000E+00
0.10717431613207E+00 0.00000000000000E+00
0.10982152174053E+00 0.00000000000000E+00
0.11253411332753E+00 0.00000000000000E+00
0.11531370592671E+00 0.00000000000000E+00
0.11816195446310E+00 0.00000000000000E+00
0.12108055473834E+00 0.00000000000000E+00
0.12407124444038E+00 0.00000000000000E+00
0.12713580417806E+00 0.00000000000000E+00
0.13027605854126E+00 0.00000000000000E+00
0.13349387718723E+00 0.00000000000000E+00
0.13679117595375E+00 0.00000000000000E+00
0.14016991799981E+00 0.00000000000000E+00
0.14363211497440E+00 0.00000000000000E+00
0.14717982821427E+00 0.00000000000000E+00
0.15081516997116E+00 0.00000000000000E+00
0.15454030466945E+00 0.00000000000000E+00
0.15835745019479E+00 0.00000000000000E+00
0.16226887921460E+00 0.00000000000000E+00
0.16627692053120E+00 0.00000000000000E+00
0.17038396046832E+00 0.00000000000000E+00
0.17459244429189E+00 0.00000000000000E+00
0.17890487766589E+00 0.00000000000000E+00
0.18332382814424E+00 0.00000000000000E+00
0.18785192669941E+00 0.00000000000000E+00
0.19249186928888E+00 0.00000000000000E+00
0.19724641846032E+00 0.00000000000000E+00
0.20211840499629E+00 0.00000000000000E+00
0.20711072959969E+00 0.00000000000000E+00
0.21222636462081E+00 0.00000000000000E+00
0.21746835582694E+00 0.00000000000000E+00
0.22283982421587E+00 0.00000000000000E+00
0.22834396787400E+00 0.00000000000000E+00
0.23398406388049E+00 0.00000000000000E+00
0.23976347025833E+00 0.00000000000000E+00
0.24568562797371E+00 0.00000000000000E+00
0.25175406298466E+00 0.00000000000000E+00
0.25797238834039E+00 0.00000000000000E+00
0.26434430633239E+00 0.00000000000000E+00
0.27087361069880E+00 0.00000000000000E+00
0.27756418888306E+00 0.00000000000000E+00
0.28442002434848E+00 0.00000000000000E+00
0.29144519894988E+00 0.00000000000000E+00
0.29864389536395E+00 0.00000000000000E+00
0.30602039957943E+00 0.00000000000000E+00
0.31357910344905E+00 0.00000000000000E+00
0.32132450730424E+00 0.00000000000000E+00
0.32926122263465E+00 0.00000000000000E+00
0.33739397483373E+00 0.00000000000000E+00
0.34572760601212E+00 0.00000000000000E+00
0.35426707788062E+00 0.00000000000000E+00
0.36301747470427E+00 0.00000000000000E+00
0.37198400632947E+00 0.00000000000000E+00
0.38117201128581E+00 0.00000000000000E+00
0.39058695996457E+00 0.00000000000000E+00
0.40023445787569E+00 0.00000000000000E+00
0.41012024898522E+00 0.00000000000000E+00
0.42025021913515E+00 0.00000000000000E+00
0.43063039954779E+00 0.00000000000000E+00
0.44126697041662E+00 0.00000000000000E+00
0.45216626458591E+00 0.00000000000000E+00
0.46333477132119E+00 0.00000000000000E+00
0.47477914017282E+00 0.00000000000000E+00
0.48650618493509E+00 0.00000000000000E+00
0.49852288770298E+00 0.00000000000000E+00
0.51083640302925E+00 0.00000000000000E+00
0.52345406218407E+00 0.00000000000000E+00
0.53638337752002E+00 0.00000000000000E+00
0.54963204694476E+00 0.00000000000000E+00
0.56320795850430E+00 0.00000000000000E+00
0.57711919507935E+00 0.00000000000000E+00
0.59137403919781E+00 0.00000000000000E+00
0.60598097796600E+00 0.00000000000000E+00
0.62094870812176E+00 0.00000000000000E+00
0.63628614121237E+00 0.00000000000000E+00
0.65200240890031E+00 0.00000000000000E+00
0.66810686840015E+00 0.00000000000000E+00
0.68460910804963E+00 0.00000000000000E+00
0.70151895301846E+00 0.00000000000000E+00
0.71884647115801E+00 0.00000000000000E+00
0.73660197899562E+00 0.00000000000000E+00
0.75479604787681E+00 0.00000000000000E+00
0.77343951025937E+00 0.00000000000000E+00
0.79254346616277E+00 0.00000000000000E+00
0.81211928977699E+00 0.00000000000000E+00
0.83217863623448E+00 0.00000000000000E+00
0.85273344854948E+00 0.00000000000000E+00
0.87379596472865E+00 0.00000000000000E+00
0.89537872505745E+00 0.00000000000000E+00
0.91749457956636E+00 0.00000000000000E+00
0.94015669568165E+00 0.00000000000000E+00
0.96337856606499E+00 0.00000000000000E+00
0.98717401664680E+00 0.00000000000000E+00
0.10115572148580E+01 0.00000000000000E+00
0.10365426780650E+01 0.00000000000000E+00
0.10621452822132E+01 0.00000000000000E+00
0.10883802706838E+01 0.00000000000000E+00
0.11152632633697E+01 0.00000000000000E+00
0.11428102659750E+01 0.00000000000000E+00
0.11710376795445E+01 0.00000000000000E+00
0.11999623102293E+01 0.00000000000000E+00
0.12296013792920E+01 0.00000000000000E+00
0.12599725333605E+01 0.00000000000000E+00
0.12910938549345E+01 0.00000000000000E+00
0.13229838731513E+01 0.00000000000000E+00
0.13556615748182E+01 0.00000000000000E+00
0.13891464157162E+01 0.00000000000000E+00
0.14234583321844E+01 0.00000000000000E+00
0.14586177529893E+01 0.00000000000000E+00
0.14946456114882E+01 0.00000000000000E+00
0.15315633580919E+01 0.00000000000000E+00
0.15693929730368E+01 0.00000000000000E+00
0.16081569794708E+01 0.00000000000000E+00
0.16478784568637E+01 0.00000000000000E+00
0.16885810547483E+01 0.00000000000000E+00
0.17302890068006E+01 0.00000000000000E+00
0.17730271452685E+01 0.00000000000000E+00
0.18168209157567E+01 0.00000000000000E+00
0.18616963923759E+01 0.00000000000000E+00
0.19076802932675E+01 0.00000000000000E+00
0.19547999965112E+01 0.00000000000000E+00
0.20030835564251E+01 0.00000000000000E+00
0.20525597202688E+01 0.00000000000000E+00
0.21032579453594E+01 0.00000000000000E+00
0.21552084166098E+01 0.00000000000000E+00
0.22084420645000E+01 0.00000000000000E+00
0.22629905834932E+01 0.00000000000000E+00
0.23188864509055E+01 0.00000000000000E+00
0.23761629462428E+01 0.00000000000000E+00
0.24348541710150E+01 0.00000000000000E+00
0.24949950690391E+01 0.00000000000000E+00
0.25566214472444E+01 0.00000000000000E+00
0.26197699969913E+01 0.00000000000000E+00
0.26844783159170E+01 0.00000000000000E+00
0.27507849303202E+01 0.00000000000000E+00
0.28187293180991E+01 0.00000000000000E+00
0.28883519322561E+01 0.00000000000000E+00
0.29596942249828E+01 0.00000000000000E+00
0.30327986723399E+01 0.00000000000000E+00
0.31077087995467E+01 0.00000000000000E+00
0.31844692068955E+01 0.00000000000000E+00
0.32631255963058E+01 0.00000000000000E+00
0.33437247985346E+01 0.00000000000000E+00
0.34263148010584E+01 0.00000000000000E+00
0.35109447766445E+01 0.00000000000000E+00
0.35976651126276E+01 0.00000000000000E+00
0.36865274409095E+01 0.00000000000000E+00
0.37775846687000E+01 0.00000000000000E+00
0.38708910100169E+01 0.00000000000000E+00
0.39665020179643E+01 0.00000000000000E+00
0.40644746178080E+01 0.00000000000000E+00
0.41648671408679E+01 0.00000000000000E+00
0.42677393592473E+01 0.00000000000000E+00
0.43731525214207E+01 0.00000000000000E+00
0.44811693886998E+01 0.00000000000000E+00
0.45918542726007E+01 0.00000000000000E+00
0.47052730731340E+01 0.00000000000000E+00
