   406 0.11439998071304E+04
0.24038461538462E-03 0.17636819121521E+06 -.35822645739974E+08 0.11809964467687E+12
0.24632211538462E-03 0.17615754307118E+06 -.35138132881708E+08 0.11242686062699E+12
0.25240627163462E-03 0.17594580516103E+06 -.34470390212952E+08 0.10702823941518E+12
0.25864070654399E-03 0.17573294893711E+06 -.33818996111989E+08 0.10189052541128E+12
0.26502913199563E-03 0.17551894445005E+06 -.33183875357464E+08 0.97004744511725E+11
0.27157535155592E-03 0.17530376013388E+06 -.32564267938639E+08 0.92354811217443E+11
0.27828326273935E-03 0.17508736597088E+06 -.31959785705929E+08 0.87929341656809E+11
0.28515685932901E-03 0.17486973074088E+06 -.31370048454389E+08 0.83717487187478E+11
0.29220023375444E-03 0.17465082261633E+06 -.30794685603889E+08 0.79708925664020E+11
0.29941757952817E-03 0.17443060906345E+06 -.30233335694114E+08 0.75893833399803E+11
0.30681319374252E-03 0.17420905682794E+06 -.29685646160724E+08 0.72262861254447E+11
0.31439147962796E-03 0.17398613192051E+06 -.29151273114636E+08 0.68807111732342E+11
0.32215694917477E-03 0.17376179960232E+06 -.28629881126961E+08 0.65518117199267E+11
0.33011422581939E-03 0.17353602437016E+06 -.28121143019016E+08 0.62387819145716E+11
0.33826804719713E-03 0.17330876994129E+06 -.27624739657370E+08 0.59408548447314E+11
0.34662326796289E-03 0.17307999923827E+06 -.27140359753778E+08 0.56573006574647E+11
0.35518486268158E-03 0.17284967437337E+06 -.26667699669921E+08 0.53874247707093E+11
0.36395792878981E-03 0.17261775663286E+06 -.26206463226817E+08 0.51305661707376E+11
0.37294768963092E-03 0.17238420646110E+06 -.25756361518814E+08 0.48860957915674E+11
0.38215949756480E-03 0.17214898344434E+06 -.25317112732054E+08 0.46534149723998E+11
0.39159883715466E-03 0.17191204629439E+06 -.24888441967301E+08 0.44319539893490E+11
0.40127132843238E-03 0.17167335283201E+06 -.24470081067043E+08 0.42211706579011E+11
0.41118273024466E-03 0.17143285997016E+06 -.24061768446759E+08 0.40205490027122E+11
0.42133894368170E-03 0.17119052369701E+06 -.23663248930260E+08 0.38295979915146E+11
0.43174601559064E-03 0.17094629905876E+06 -.23274273589007E+08 0.36478503300555E+11
0.44241014217572E-03 0.17070014014232E+06 -.22894599585319E+08 0.34748613151381E+11
0.45333767268747E-03 0.17045200005770E+06 -.22523990019370E+08 0.33102077429746E+11
0.46453511320285E-03 0.17020183092036E+06 -.22162213779894E+08 0.31534868701954E+11
0.47600913049896E-03 0.16994958383330E+06 -.21809045398514E+08 0.30043154249816E+11
0.48776655602228E-03 0.16969520886898E+06 -.21464264907598E+08 0.28623286659133E+11
0.49981438995603E-03 0.16943865505116E+06 -.21127657701571E+08 0.27271794862393E+11
0.51215980538794E-03 0.16917987033657E+06 -.20799014401594E+08 0.25985375613797E+11
0.52481015258103E-03 0.16891880159637E+06 -.20478130723535E+08 0.24760885375870E+11
0.53777296334978E-03 0.16865539459761E+06 -.20164807349153E+08 0.23595332597789E+11
0.55105595554452E-03 0.16838959398452E+06 -.19858849800412E+08 0.22485870366606E+11
0.56466703764647E-03 0.16812134325966E+06 -.19560068316866E+08 0.21429789413385E+11
0.57861431347633E-03 0.16785058476507E+06 -.19268277736027E+08 0.20424511457170E+11
0.59290608701920E-03 0.16757725966333E+06 -.18983297376652E+08 0.19467582870502E+11
0.60755086736857E-03 0.16730130791847E+06 -.18704950924880E+08 0.18556668650980E+11
0.62255737379258E-03 0.16702266827701E+06 -.18433066323150E+08 0.17689546684118E+11
0.63793454092525E-03 0.16674127824884E+06 -.18167475661832E+08 0.16864102283460E+11
0.65369152408611E-03 0.16645707408817E+06 -.17908015073513E+08 0.16078322994560E+11
0.66983770473103E-03 0.16616999077448E+06 -.17654524629861E+08 0.15330293650125E+11
0.68638269603789E-03 0.16587996199349E+06 -.17406848241029E+08 0.14618191664179E+11
0.70333634863003E-03 0.16558692011829E+06 -.17164833557507E+08 0.13940282553729E+11
0.72070875644119E-03 0.16529079619041E+06 -.16928331874401E+08 0.13294915676942E+11
0.73851026272529E-03 0.16499151990113E+06 -.16697198038044E+08 0.12680520177397E+11
0.75675146621460E-03 0.16468901957289E+06 -.16471290354914E+08 0.12095601124439E+11
0.77544322743010E-03 0.16438322214086E+06 -.16250470502786E+08 0.11538735840182E+11
0.79459667514763E-03 0.16407405313472E+06 -.16034603444076E+08 0.11008570404152E+11
0.81422321302377E-03 0.16376143666072E+06 -.15823557341316E+08 0.10503816326961E+11
0.83433452638546E-03 0.16344529538393E+06 -.15617203474718E+08 0.10023247384886E+11
0.85494258918718E-03 0.16312555051090E+06 -.15415416161777E+08 0.95656966075418E+10
0.87605967114010E-03 0.16280212177253E+06 -.15218072678859E+08 0.91300534112724E+10
0.89769834501726E-03 0.16247492740751E+06 -.15025053184735E+08 0.87152608712148E+10
0.91987149413919E-03 0.16214388414601E+06 -.14836240646011E+08 0.83203131253263E+10
0.94259232004443E-03 0.16180890719396E+06 -.14651520764420E+08 0.79442529040024E+10
0.96587435034952E-03 0.16146991021785E+06 -.14470781905914E+08 0.75861691792123E+10
0.98973144680316E-03 0.16112680533001E+06 -.14293915031540E+08 0.72451949273749E+10
0.10141778135392E-02 0.16077950307467E+06 -.14120813630035E+08 0.69205050004732E+10
0.10392280055336E-02 0.16042791241457E+06 -.13951373652122E+08 0.66113141001768E+10
0.10648969372703E-02 0.16007194071835E+06 -.13785493446451E+08 0.63168748499892E+10
0.10911998916209E-02 0.15971149374883E+06 -.13623073697169E+08 0.60364759606789E+10
0.11181525289439E-02 0.15934647565201E+06 -.13464017363059E+08 0.57694404844845E+10
0.11457708964088E-02 0.15897678894714E+06 -.13308229618236E+08 0.55151241537990E+10
0.11740714375501E-02 0.15860233451770E+06 -.13155617794352E+08 0.52729138002457E+10
0.12030710020576E-02 0.15822301160354E+06 -.13006091324282E+08 0.50422258502616E+10
0.12327868558084E-02 0.15783871779414E+06 -.12859561687263E+08 0.48225048934802E+10
0.12632366911469E-02 0.15744934902308E+06 -.12715942355455E+08 0.46132223203981E+10
0.12944386374182E-02 0.15705479956393E+06 -.12575148741885E+08 0.44138750259714E+10
0.13264112717625E-02 0.15665496202744E+06 -.12437098149762E+08 0.42239841759497E+10
0.13591736301750E-02 0.15624972736032E+06 -.12301709723125E+08 0.40430940329180E+10
0.13927452188403E-02 0.15583898484563E+06 -.12168904398797E+08 0.38707708391507E+10
0.14271460257457E-02 0.15542262210478E+06 -.12038604859628E+08 0.37066017535353E+10
0.14623965325816E-02 0.15500052510147E+06 -.11910735488998E+08 0.35501938399446E+10
0.14985177269363E-02 0.15457257814747E+06 -.11785222326550E+08 0.34011731045720E+10
0.15355311147917E-02 0.15413866391042E+06 -.11661993025147E+08 0.32591835798572E+10
0.15734587333270E-02 0.15369866342390E+06 -.11540976809014E+08 0.31238864527511E+10
0.16123231640402E-02 0.15325245609960E+06 -.11422104433059E+08 0.29949592351720E+10
0.16521475461920E-02 0.15279991974210E+06 -.11305308143342E+08 0.28720949746135E+10
0.16929555905829E-02 0.15234093056598E+06 -.11190521638680E+08 0.27550015029602E+10
0.17347715936703E-02 0.15187536321581E+06 -.11077680033367E+08 0.26434007216618E+10
0.17776204520340E-02 0.15140309078881E+06 -.10966719821002E+08 0.25370279215096E+10
0.18215276771992E-02 0.15092398486058E+06 -.10857578839386E+08 0.24356311353366E+10
0.18665194108261E-02 0.15043791551388E+06 -.10750196236499E+08 0.23389705220527E+10
0.19126224402735E-02 0.14994475137077E+06 -.10644512437528E+08 0.22468177804958E+10
0.19598642145482E-02 0.14944435962811E+06 -.10540469112937E+08 0.21589555916583E+10
0.20082728606476E-02 0.14893660609683E+06 -.10438009147557E+08 0.20751770879151E+10
0.20578772003056E-02 0.14842135524479E+06 -.10337076610706E+08 0.19952853479482E+10
0.21087067671531E-02 0.14789847024383E+06 -.10237616727303E+08 0.19190929161235E+10
0.21607918243018E-02 0.14736781302083E+06 -.10139575849979E+08 0.18464213451386E+10
0.22141633823620E-02 0.14682924431320E+06 -.10042901432180E+08 0.17771007608146E+10
0.22688532179064E-02 0.14628262372893E+06 -.99475420022383E+07 0.17109694479629E+10
0.23248938923887E-02 0.14572780981137E+06 -.98534471384189E+07 0.16478734563060E+10
0.23823187715307E-02 0.14516466010901E+06 -.97605674449236E+07 0.15876662254840E+10
0.24411620451875E-02 0.14459303125040E+06 -.96688545288534E+07 0.15302082282239E+10
0.25014587477036E-02 0.14401277902454E+06 -.95782609781186E+07 0.14753666307931E+10
0.25632447787719E-02 0.14342375846683E+06 -.94887403402942E+07 0.14230149699026E+10
0.26265569248075E-02 0.14282582395093E+06 -.94002471024151E+07 0.13730328452644E+10
0.26914328808503E-02 0.14221882928666E+06 -.93127366717081E+07 0.13253056270472E+10
0.27579112730073E-02 0.14160262782428E+06 -.92261653572563E+07 0.12797241775097E+10
0.28260316814506E-02 0.14097707256532E+06 -.91404903525950E+07 0.12361845861279E+10
0.28958346639824E-02 0.14034201628020E+06 -.90556697192362E+07 0.11945879175642E+10
0.29673617801828E-02 0.13969731163300E+06 -.89716623711200E+07 0.11548399718584E+10
0.30406556161533E-02 0.13904281131341E+06 -.88884280599933E+07 0.11168510562497E+10
0.31157598098723E-02 0.13837836817642E+06 -.88059273617139E+07 0.10805357680705E+10
0.31927190771761E-02 0.13770383538971E+06 -.87241216634809E+07 0.10458127881755E+10
0.32715792383824E-02 0.13701906658922E+06 -.86429731519920E+07 0.10126046843996E+10
0.33523872455704E-02 0.13632391604297E+06 -.85624448025281E+07 0.98083772455957E+09
0.34351912105360E-02 0.13561823882364E+06 -.84825003689658E+07 0.95044169854092E+09
0.35200404334362E-02 0.13490189098981E+06 -.84031043747209E+07 0.92134974903083E+09
0.36069854321421E-02 0.13417472977655E+06 -.83242221046228E+07 0.89349821048135E+09
0.36960779723160E-02 0.13343661379519E+06 -.82458195977222E+07 0.86682645590594E+09
0.37873710982322E-02 0.13268740324285E+06 -.81678636410345E+07 0.84127675113266E+09
0.38809191643586E-02 0.13192696012177E+06 -.80903217642202E+07 0.81679411615486E+09
0.39767778677182E-02 0.13115514846879E+06 -.80131622352038E+07 0.79332619323788E+09
0.40750042810509E-02 0.13037183459517E+06 -.79363540567347E+07 0.77082312145694E+09
0.41756568867928E-02 0.12957688733693E+06 -.78598669638894E+07 0.74923741735702E+09
0.42787956118966E-02 0.12877017831607E+06 -.77836714225183E+07 0.72852386144036E+09
0.43844818635104E-02 0.12795158221269E+06 -.77077386286365E+07 0.70863939020183E+09
0.44927785655392E-02 0.12712097704831E+06 -.76320405087606E+07 0.68954299344558E+09
0.46037501961080E-02 0.12627824448053E+06 -.75565497211898E+07 0.67119561662953E+09
0.47174628259518E-02 0.12542327010925E+06 -.74812396582326E+07 0.65356006799636E+09
0.48339841577528E-02 0.12455594379441E+06 -.74060844493748E+07 0.63660093026139E+09
0.49533835664493E-02 0.12367615998560E+06 -.73310589653895E+07 0.62028447663885E+09
0.50757321405406E-02 0.12278381806344E+06 -.72561388233834E+07 0.60457859099843E+09
0.52011027244120E-02 0.12187882269295E+06 -.71813003927751E+07 0.58945269195422E+09
0.53295699617050E-02 0.12096108418872E+06 -.71065208022006E+07 0.57487766069742E+09
0.54612103397591E-02 0.12003051889221E+06 -.70317779473370E+07 0.56082577239348E+09
0.55961022351511E-02 0.11908704956082E+06 -.69570504996367E+07 0.54727063097284E+09
0.57343259603594E-02 0.11813060576890E+06 -.68823179159604E+07 0.53418710715245E+09
0.58759638115802E-02 0.11716112432044E+06 -.68075604490961E+07 0.52155127953332E+09
0.60211001177263E-02 0.11617854967337E+06 -.67327591591496E+07 0.50934037862638E+09
0.61698212906341E-02 0.11518283437526E+06 -.66578959257894E+07 0.49753273366615E+09
0.63222158765128E-02 0.11417393951011E+06 -.65829534613253E+07 0.48610772207832E+09
0.64783746086626E-02 0.11315183515598E+06 -.65079153245989E+07 0.47504572147351E+09
0.66383904614966E-02 0.11211650085311E+06 -.64327659356602E+07 0.46432806404559E+09
0.68023587058956E-02 0.11106792608197E+06 -.63574905912027E+07 0.45393699325854E+09
0.69703769659312E-02 0.11000611075098E+06 -.62820754807234E+07 0.44385562271127E+09
0.71425452769897E-02 0.10893106569305E+06 -.62065077033735E+07 0.43406789707475E+09
0.73189661453313E-02 0.10784281317051E+06 -.61307752854606E+07 0.42455855500084E+09
0.74997446091210E-02 0.10674138738766E+06 -.60548671985580E+07 0.41531309390661E+09
0.76849883009663E-02 0.10562683501005E+06 -.59787733781747E+07 0.40631773654220E+09
0.78748075120002E-02 0.10449921568971E+06 -.59024847429338E+07 0.39755939925474E+09
0.80693152575466E-02 0.10335860259525E+06 -.58259932142019E+07 0.38902566186415E+09
0.82686273444080E-02 0.10220508294585E+06 -.57492917361095E+07 0.38070473907073E+09
0.84728624398149E-02 0.10103875854784E+06 -.56723742958933E+07 0.37258545331774E+09
0.86821421420783E-02 0.99859746332671E+05 -.55952359444907E+07 0.36465720903539E+09
0.88965910529876E-02 0.98668178894849E+05 -.55178728173073E+07 0.35690996819588E+09
0.91163368519964E-02 0.97464205028335E+05 -.54402821550741E+07 0.34933422711178E+09
0.93415103722407E-02 0.96247990259762E+05 -.53624623247057E+07 0.34192099441309E+09
0.95722456784351E-02 0.95019717376748E+05 -.52844128400637E+07 0.33466177014053E+09
0.98086801466924E-02 0.93779586949436E+05 -.52061343825226E+07 0.32754852589552E+09
0.10050954546316E-01 0.92527817843259E+05 -.51276288212322E+07 0.32057368598895E+09
0.10299213123610E-01 0.91264647720829E+05 -.50488992329592E+07 0.31373010953372E+09
0.10553603687763E-01 0.89990333530682E+05 -.49699499213895E+07 0.30701107342740E+09
0.10814277698851E-01 0.88705151980520E+05 -.48907864357606E+07 0.30041025617367E+09
0.11081390358012E-01 0.87409399992437E+05 -.48114155886925E+07 0.29392172249298E+09
0.11355100699855E-01 0.86103395137492E+05 -.47318454730738E+07 0.28753990867428E+09
0.11635571687142E-01 0.84787476046861E+05 -.46520854778565E+07 0.28125960862162E+09
0.11922970307814E-01 0.83462002796686E+05 -.45721463026056E+07 0.27507596055071E+09
0.12217467674417E-01 0.82127357263587E+05 -.44920399706431E+07 0.26898443429206E+09
0.12519239125975E-01 0.80783943447722E+05 -.44117798406202E+07 0.26298081915869E+09
0.12828464332387E-01 0.79432187760130E+05 -.43313806163457E+07 0.25706121233754E+09
0.13145327401397E-01 0.78072539271002E+05 -.42508583546949E+07 0.25122200776531E+09
0.13470016988211E-01 0.76705469915421E+05 -.41702304714148E+07 0.24545988545024E+09
0.13802726407820E-01 0.75331474653023E+05 -.40895157446405E+07 0.23977180120277E+09
0.14143653750093E-01 0.73951071577941E+05 -.40087343159329E+07 0.23415497673906E+09
0.14493001997720E-01 0.72564801975338E+05 -.39279076886435E+07 0.22860689012248E+09
0.14850979147064E-01 0.71173230320773E+05 -.38470587234121E+07 0.22312526650918E+09
0.15217798331996E-01 0.69776944218602E+05 -.37662116305979E+07 0.21770806916510E+09
0.15593677950797E-01 0.68376554275611E+05 -.36853919594501E+07 0.21235349072261E+09
0.15978841796181E-01 0.66972693906056E+05 -.36046265838174E+07 0.20705994464636E+09
0.16373519188547E-01 0.65566019064315E+05 -.35239436842035E+07 0.20182605687876E+09
0.16777945112504E-01 0.64157207901410E+05 -.34433727259756E+07 0.19665065763680E+09
0.17192360356783E-01 0.62746960341700E+05 -.33629444335379E+07 0.19153277333303E+09
0.17617011657596E-01 0.61335997576172E+05 -.32826907602878E+07 0.18647161859480E+09
0.18052151845538E-01 0.59925061468872E+05 -.32026448541814E+07 0.18146658835695E+09
0.18498039996123E-01 0.58514913873157E+05 -.31228410187408E+07 0.17651725000468E+09
0.18954941584027E-01 0.57106335854679E+05 -.30433146693502E+07 0.17162333554453E+09
0.19423128641153E-01 0.55700126818212E+05 -.29641022846981E+07 0.16678473378290E+09
0.19902879918589E-01 0.54297103535695E+05 -.28852413532382E+07 0.16200148249321E+09
0.20394481052578E-01 0.52898099073197E+05 -.28067703145588E+07 0.15727376055407E+09
0.20898224734577E-01 0.51503961614824E+05 -.27287284955688E+07 0.15260188004288E+09
0.21414410885521E-01 0.50115553181989E+05 -.26511560414294E+07 0.14798627827084E+09
0.21943346834394E-01 0.48733748246899E+05 -.25740938411840E+07 0.14342750974730E+09
0.22485347501203E-01 0.47359432239585E+05 -.24975834480638E+07 0.13892623806329E+09
0.23040735584483E-01 0.45993499948306E+05 -.24216669944744E+07 0.13448322768613E+09
0.23609841753419E-01 0.44636853813749E+05 -.23463871016980E+07 0.13009933565931E+09
0.24193004844729E-01 0.43290402118029E+05 -.22717867843794E+07 0.12577550320372E+09
0.24790572064394E-01 0.41955057070160E+05 -.21979093498946E+07 0.12151274721903E+09
0.25402899194384E-01 0.40631732790349E+05 -.21247982927405E+07 0.11731215168611E+09
0.26030350804486E-01 0.39321343196219E+05 -.20524971841205E+07 0.11317485897392E+09
0.26673300469356E-01 0.38024799794825E+05 -.19810495569394E+07 0.10910206105691E+09
0.27332130990949E-01 0.36743009385130E+05 -.19104987864643E+07 0.10509499065145E+09
0.28007234626426E-01 0.35476871676478E+05 -.18408879669488E+07 0.10115491228235E+09
0.28699013321699E-01 0.34227276829440E+05 -.17722597845641E+07 0.97283113293358E+08
0.29407878950745E-01 0.32995102926315E+05 -.17046563870208E+07 0.93480894817839E+08
0.30134253560828E-01 0.31781213379477E+05 -.16381192503156E+07 0.89749562728822E+08
0.30878569623780E-01 0.30586454286677E+05 -.15726890430766E+07 0.86090418589806E+08
0.31641270293488E-01 0.29411651743338E+05 -.15084054890311E+07 0.82504750630464E+08
0.32422809669737E-01 0.28257609122790E+05 -.14453072281593E+07 0.78993824773725E+08
0.33223653068579E-01 0.27125104336311E+05 -.13834316771442E+07 0.75558875743022E+08
0.34044277299373E-01 0.26014887085716E+05 -.13228148897671E+07 0.72201098280705E+08
0.34885170948668E-01 0.24927676122100E+05 -.12634914179375E+07 0.68921638510608E+08
0.35746834671100E-01 0.23864156525132E+05 -.12054941740853E+07 0.65721585479617E+08
0.36629781487476E-01 0.22824977018069E+05 -.11488542956739E+07 0.62601962914643E+08
0.37534537090217E-01 0.21810747334344E+05 -.10936010126234E+07 0.59563721232830E+08
0.38461640156345E-01 0.20822035652185E+05 -.10397615184605E+07 0.56607729843848E+08
0.39411642668207E-01 0.19859366114260E+05 -.98736084602844E+06 0.53734769783949E+08
0.40385110242112E-01 0.18923216449739E+05 -.93642174860859E+06 0.50945526721902E+08
0.41382622465092E-01 0.18014015716488E+05 -.88696458731351E+06 0.48240584377019E+08
0.42404773239980E-01 0.17132142181272E+05 -.83900722561204E+06 0.45620418389243E+08
0.43452171139007E-01 0.16277921355882E+05 -.79256493184444E+06 0.43085390680567E+08
0.44525439766140E-01 0.15451624206985E+05 -.74765029057218E+06 0.40635744346035E+08
0.45625218128364E-01 0.14653465557234E+05 -.70427312358698E+06 0.38271599111046E+08
0.46752161016135E-01 0.13883602694682E+05 -.66244042137530E+06 0.35992947389797E+08
0.47906939393233E-01 0.13142134206979E+05 -.62215628579721E+06 0.33799650977330E+08
0.49090240796246E-01 0.12429099055960E+05 -.58342188469270E+06 0.31691438404904E+08
0.50302769743913E-01 0.11744475907251E+05 -.54623541907353E+06 0.29667902985179E+08
0.51545248156588E-01 0.11088182728312E+05 -.51059210349485E+06 0.27728501570106E+08
0.52818415786056E-01 0.10460076666935E+05 -.47648416012797E+06 0.25872554040402E+08
0.54123030655971E-01 0.98599542206120E+04 -.44390082697441E+06 0.24099243541098E+08
0.55459869513174E-01 0.92875517054149E+04 -.41282838057110E+06 0.22407617472937E+08
0.56829728290149E-01 0.87425460310338E+04 -.38325017343921E+06 0.20796589244319E+08
0.58233422578916E-01 0.82245557864893E+04 -.35514668642340E+06 0.19264940783223E+08
0.59671788116615E-01 0.77331426387100E+04 -.32849559595669E+06 0.17811325802932E+08
0.61145681283096E-01 0.72678130437083E+04 -.30327185616821E+06 0.16434273809702E+08
0.62655979610788E-01 0.68280202674981E+04 -.27944779562812E+06 0.15132194834622E+08
0.64203582307174E-01 0.64131667112030E+04 -.25699322839806E+06 0.13903384865990E+08
0.65789410790162E-01 0.60226065320269E+04 -.23587557892558E+06 0.12746031952581E+08
0.67414409236679E-01 0.56556485489337E+04 -.21606002019130E+06 0.11658222942247E+08
0.69079545144825E-01 0.53115594190338E+04 -.19750962438708E+06 0.10637950814532E+08
0.70785809909902E-01 0.49895670678474E+04 -.18018552527526E+06 0.96831225603205E+07
0.72534219414676E-01 0.46888643538292E+04 -.16404709125419E+06 0.87915675561617E+07
0.74325814634219E-01 0.44086129448559E+04 -.14905210803586E+06 0.79610463758224E+07
0.76161662255684E-01 0.41479473818131E+04 -.13515696972870E+06 0.71892599768935E+07
0.78042855313399E-01 0.39059793020312E+04 -.12231687701514E+06 0.64738591960485E+07
0.79970513839640E-01 0.36818017900059E+04 -.11048604090450E+06 0.58124544773482E+07
0.81945785531479E-01 0.34744938402175E+04 -.99617891171450E+05 0.52026257860741E+07
0.83969846434107E-01 0.32831248657756E+04 -.89665286731535E+05 0.46419325811793E+07
0.86043901641029E-01 0.31067592527910E+04 -.80580727565954E+05 0.41279238184883E+07
0.88169186011563E-01 0.29444609076532E+04 -.72316565959175E+05 0.36581478813860E+07
0.90346964906049E-01 0.27952977649647E+04 -.64825215529382E+05 0.32301623647323E+07
0.92578534939228E-01 0.26583462201076E+04 -.58059356417763E+05 0.28415436338253E+07
0.94865224752227E-01 0.25326954506624E+04 -.51972135030590E+05 0.24898960820647E+07
0.97208395803607E-01 0.24174515915577E+04 -.46517356776806E+05 0.21728610138562E+07
0.99609443179956E-01 0.23117417299278E+04 -.41649670312941E+05 0.18881250832582E+07
0.10206979642650E+00 0.22147176871629E+04 -.37324741895967E+05 0.16334282238918E+07
0.10459092039824E+00 0.21255595575575E+04 -.33499418551878E+05 0.14065710116442E+07
0.10717431613207E+00 0.20434789752726E+04 -.30131878891693E+05 0.12054214086184E+07
0.10982152174053E+00 0.19677220839932E+04 -.27181770545211E+05 0.10279208444615E+07
0.11253411332753E+00 0.18975721866655E+04 -.24610333333903E+05 0.87208959949742E+06
0.11531370592671E+00 0.18323520559910E+04 -.22380507465303E+05 0.73603146280175E+06
0.11816195446310E+00 0.17714258898984E+04 -.20457026199582E+05 0.61793764729402E+06
0.12108055473834E+00 0.17142008999685E+04 -.18806492611965E+05 0.51608995290104E+06
0.12407124444038E+00 0.16601285246938E+04 -.17397440249771E+05 0.42886317767568E+06
0.12713580417806E+00 0.16087052634711E+04 -.16200377657522E+05 0.35472678528411E+06
0.13027605854126E+00 0.15594731312924E+04 -.15187816915338E+05 0.29224584536077E+06
0.13349387718723E+00 0.15120197381609E+04 -.14334286502523E+05 0.24008127076309E+06
0.13679117595375E+00 0.14659780012651E+04 -.13616328957488E+05 0.19698938264739E+06
0.14016991799981E+00 0.14210255018307E+04 -.13012483955135E+05 0.16182084046728E+06
0.14363211497440E+00 0.13768835022867E+04 -.12503257561466E+05 0.13351897941513E+06
0.14717982821427E+00 0.13333156428788E+04 -.12071078550923E+05 0.11111760245247E+06
0.15081516997116E+00 0.12901263400807E+04 -.11700242783161E+05 0.93738277882476E+05
0.15454030466945E+00 0.12471589120560E+04 -.11376846731422E+05 0.80587196395203E+05
0.15835745019479E+00 0.12042934589641E+04 -.11088711333198E+05 0.70951643659933E+05
0.16226887921460E+00 0.11614445280485E+04 -.10825297394803E+05 0.64196145855074E+05
0.16627692053120E+00 0.11185585951670E+04 -.10577613824132E+05 0.59758346028458E+05
0.17038396046832E+00 0.10756113957028E+04 -.10338119990240E+05 0.57144668894375E+05
0.17459244429189E+00 0.10326051386147E+04 -.10100623514408E+05 0.55925830632690E+05
0.17890487766589E+00 0.98956563774254E+03 -.98601747856101E+04 0.55732248504762E+05
0.18332382814424E+00 0.94653939438725E+03 -.96129594645098E+04 0.56249402696268E+05
0.18785192669941E+00 0.90359066463250E+03 -.93561901953207E+04 0.57213199803850E+05
0.19249186928888E+00 0.86079854390319E+03 -.90879986854985E+04 0.58405383875233E+05
0.19724641846032E+00 0.81825409987373E+03 -.88073292407998E+04 0.59649036973512E+05
0.20211840499629E+00 0.77605758308955E+03 -.85138347595752E+04 0.60804206953536E+05
0.20711072959969E+00 0.73431574258014E+03 -.82077760971905E+04 0.61763695603709E+05
0.21222636462081E+00 0.69313927136463E+03 -.78899256112021E+04 0.62449035613280E+05
0.21746835582694E+00 0.65264040412496E+03 -.75614755924387E+04 0.62806680065466E+05
0.22283982421587E+00 0.61293068649543E+03 -.72239521784950E+04 0.62804423419508E+05
0.22834396787400E+00 0.57411893243670E+03 -.68791352363364E+04 0.62428068313108E+05
0.23398406388049E+00 0.53630938307758E+03 -.65289845915999E+04 0.61678348066334E+05
0.23976347025833E+00 0.49960007726457E+03 -.61755728755029E+04 0.60568110565215E+05
0.24568562797371E+00 0.46408144090380E+03 -.58210251575659E+04 0.59119765303753E+05
0.25175406298466E+00 0.42983509905648E+03 -.54674654349658E+04 0.57362991811139E+05
0.25797238834039E+00 0.39693291169748E+03 -.51169699583608E+04 0.55332704519201E+05
0.26434430633239E+00 0.36543623110541E+03 -.47715272903700E+04 0.53067266354179E+05
0.27087361069880E+00 0.33539537605609E+03 -.44330049171916E+04 0.50606940976167E+05
0.27756418888306E+00 0.30684931537030E+03 -.41031221665578E+04 0.47992571637754E+05
0.28442002434848E+00 0.27982555094927E+03 -.37834291265970E+04 0.45264473079919E+05
0.29144519894988E+00 0.25434018824097E+03 -.34752912102689E+04 0.42461521709254E+05
0.29864389536395E+00 0.23039818013860E+03 -.31798789687773E+04 0.39620428480849E+05
0.30602039957943E+00 0.20799372863654E+03 -.28981627245466E+04 0.36775178415507E+05
0.31357910344905E+00 0.18711082717271E+03 -.26309115696620E+04 0.33956620474937E+05
0.32132450730424E+00 0.16772392548153E+03 -.23786962587534E+04 0.31192191565253E+05
0.32926122263465E+00 0.14979869765183E+03 -.21418955076164E+04 0.28505758607486E+05
0.33739397483373E+00 0.13329289565390E+03 -.19207052559214E+04 0.25917563800952E+05
0.34572760601212E+00 0.11815726488467E+03 -.17151503285806E+04 0.23444256905847E+05
0.35426707788062E+00 0.10433650619426E+03 -.15250981133941E+04 0.21099001753970E+05
0.36301747470427E+00 0.91770263028812E+02 -.13502737501169E+04 0.18891642978793E+05
0.37198400632947E+00 0.80394115869796E+02 -.11902764263396E+04 0.16828921142906E+05
0.38117201128581E+00 0.70140565874834E+02 -.10445963191191E+04 0.14914724106805E+05
0.39058695996457E+00 0.60939992182214E+02 -.91263184639954E+03 0.13150365202831E+05
0.40023445787569E+00 0.52721567611082E+02 -.79370684434661E+03 0.11534878462668E+05
0.41012024898522E+00 0.45414119783796E+02 -.68708735099692E+03 0.10065322686396E+05
0.42025021913515E+00 0.38946926504419E+02 -.59199770550608E+03 0.87370869627284E+04
0.43063039954779E+00 0.33250436317836E+02 -.50763570944694E+03 0.75441910908871E+04
0.44126697041662E+00 0.28256907387285E+02 -.43318663668332E+03 0.64795751322745E+04
0.45216626458591E+00 0.23900960102878E+02 -.36783592132575E+03 0.55353730724885E+04
0.46333477132119E+00 0.20120041097472E+02 -.31078039866971E+03 0.47031663517712E+04
0.47477914017282E+00 0.16854798520600E+02 -.26123802066285E+03 0.39742138663131E+04
0.48650618493509E+00 0.14049370430545E+02 -.21845601358505E+03 0.33396559673796E+04
0.49852288770298E+00 0.11651589944824E+02 -.18171748917463E+03 0.27906909660961E+04
0.51083640302925E+00 0.96131122943903E+01 -.15034655940886E+03 0.23187236344249E+04
0.52345406218407E+00 0.78894701314495E+01 -.12371203801626E+03 0.19154861100894E+04
0.53638337752002E+00 0.64400643395076E+01 -.10122983770140E+03 0.15731324048887E+04
0.54963204694476E+00 0.52280981975596E+01 -.82364190826126E+02 0.12843083430408E+04
0.56320795850430E+00 0.42204630794212E+01 -.66627833294109E+02 0.10421992054174E+04
0.57711919507935E+00 0.33875839517914E+01 -.53581297363896E+02 0.84055763501591E+03
0.59137403919781E+00 0.27032328011398E+01 -.42831459963741E+02 0.67371449096259E+03
0.60598097796600E+00 0.21443178012048E+01 -.34029489714171E+02 0.53657535089250E+03
0.62094870812176E+00 0.16906555607880E+01 -.26868329131590E+02 0.42460528280794E+03
0.63628614121237E+00 0.13247331960537E+01 -.21079839144943E+02 0.33380436219380E+03
0.65200240890031E+00 0.10314662824140E+01 -.16431721771011E+02 0.26067621843631E+03
0.66810686840015E+00 0.79795798721367E+00 -.12724324146984E+02 0.20219167229491E+03
0.68460910804963E+00 0.61326389361118E+00 -.97874136343471E+01 0.15574928566805E+03
0.70151895301846E+00 0.46816622454846E+00 -.74769998578663E+01 0.11913439596247E+03
0.71884647115801E+00 0.35496038762336E+00 -.56722657535423E+01 0.90477958007336E+02
0.73660197899562E+00 0.26725600842284E+00 -.42726563487206E+01 0.68216273334833E+02
0.75479604787681E+00 0.19979391952222E+00 -.31951614129633E+01 0.51052455414115E+02
0.77343951025937E+00 0.14827993926306E+00 -.23718165683679E+01 0.37920264757187E+02
0.79254346616277E+00 0.10923571894910E+00 -.17474371378994E+01 0.27950753419332E+02
0.81211928977699E+00 0.79866465559286E-01 -.12775900785273E+01 0.20441986982529E+02
0.83217863623448E+00 0.57944961890533E-01 -.92680186473398E+00 0.14831965275394E+02
0.85273344854948E+00 0.41711006073613E-01 -.66699416663148E+00 0.10674741445464E+02
0.87379596472865E+00 0.29785173453000E-01 -.47613455860689E+00 0.76196421797834E+01
0.89537872505745E+00 0.21095659214981E-01 -.33708620506789E+00 0.53934186269589E+01
0.91749457956636E+00 0.14816881400312E-01 -.23663836893406E+00 0.37851059622332E+01
0.94015669568165E+00 0.10318501406873E-01 -.16469852038624E+00 0.26333370884925E+01
0.96337856606499E+00 0.71235426052768E-02 -.11362661854577E+00 0.18158398820588E+01
0.98717401664680E+00 0.48743471206249E-02 -.77692624187998E-01 0.12408447302358E+01
0.10115572148580E+01 0.33051965394299E-02 -.52639309643360E-01 0.84013694813208E+00
0.10365426780650E+01 0.22205255032454E-02 -.35333807477391E-01 0.56350424680641E+00
0.10621452822132E+01 0.14777701766333E-02 -.23492944666237E-01 0.37435026076327E+00
0.10883802706838E+01 0.97401000048222E-03 -.15469126753038E-01 0.24626907334534E+00
0.11152632633697E+01 0.63567582845707E-03 -.10085271850671E-01 0.16040091844118E+00
0.11428102659750E+01 0.41070661869605E-03 -.65089741373499E-02 0.10341437970583E+00
0.11710376795445E+01 0.26263760125893E-03 -.41576479219166E-02 0.65984409185606E-01
0.11999623102293E+01 0.16619357480485E-03 -.26278319012103E-02 0.41657628739251E-01
0.12296013792920E+01 0.10404087504413E-03 -.16430998415911E-02 0.26016224503648E-01
0.12599725333605E+01 0.64420463023048E-04 -.10161220504463E-02 0.16069092925816E-01
0.12910938549345E+01 0.39442884077180E-04 -.62135469228796E-03 0.98137220823095E-02
0.13229838731513E+01 0.23874294435328E-04 -.37561111362840E-03 0.59247006980778E-02
0.13556615748182E+01 0.14282317839838E-04 -.22440516615738E-03 0.35349337563313E-02
0.13891464157162E+01 0.84422722979520E-05 -.13246777644591E-03 0.20838535316420E-02
0.14234583321844E+01 0.49294191185729E-05 -.77242256709931E-04 0.12134163342888E-02
0.14586177529893E+01 0.28424180647631E-05 -.44478296788705E-04 0.69773689265844E-03
0.14946456114882E+01 0.16181279751068E-05 -.25285279969227E-04 0.39608820816633E-03
0.15315633580919E+01 0.90916781682512E-06 -.14186929606639E-04 0.22191482462849E-03
0.15693929730368E+01 0.50402453687766E-06 -.78538258445862E-05 0.12267250389631E-03
0.16081569794708E+01 0.27561470251043E-06 -.42885844615823E-05 0.66887264253282E-04
0.16478784568637E+01 0.14861380678858E-06 -.23091413095553E-05 0.35961685268846E-04
0.16885810547483E+01 0.78991661900771E-07 -.12256066815342E-05 0.19058923371488E-04
0.17302890068006E+01 0.41373666333533E-07 -.64102080049516E-06 0.99535003210414E-05
0.17730271452685E+01 0.21347093946461E-07 -.33026748096895E-06 0.51206586113792E-05
0.18168209157567E+01 0.10846077283301E-07 -.16756384781513E-06 0.25941645485004E-05
0.18616963923759E+01 0.54246123278077E-08 -.83687284708204E-07 0.12937065930827E-05
0.19076802932675E+01 0.26697173200789E-08 -.41128478915691E-07 0.63486447932490E-06
0.19547999965112E+01 0.12923981958540E-08 -.19882208666259E-07 0.30645661767128E-06
0.20030835564251E+01 0.61516433152900E-09 -.94505151013884E-08 0.14545569208945E-06
0.20525597202688E+01 0.28778895371502E-09 -.44150986204448E-08 0.67856627830182E-07
0.21032579453594E+01 0.13227103428876E-09 -.20264673739267E-08 0.31101024875191E-07
0.21552084166098E+01 0.59700427286075E-10 -.91341506703731E-09 0.13998898010466E-07
0.22084420645000E+01 0.26449738632197E-10 -.40414375825010E-09 0.61852924106459E-08
0.22629905834932E+01 0.11497421063855E-10 -.17544747779175E-09 0.26815068341125E-08
0.23188864509055E+01 0.49013189764530E-11 -.74696593000818E-10 0.11401167124030E-08
0.23761629462428E+01 0.20481027164586E-11 -.31173822395917E-10 0.47518765771727E-09
0.24348541710150E+01 0.83850129383920E-12 -.12746832926515E-10 0.19405027168394E-09
0.24949950690391E+01 0.33616313077041E-12 -.51040970380931E-11 0.77602985226296E-10
0.25566214472444E+01 0.13190638462940E-12 -.20003926972255E-11 0.30376190858356E-10
0.26197699969913E+01 0.50631384814914E-13 -.76693820226238E-12 0.11631835155677E-10
0.26844783159170E+01 0.19000916437954E-13 -.28748613916863E-12 0.43549790282346E-11
0.27507849303202E+01 0.69676452169571E-14 -.10530305380141E-12 0.15933201075025E-11
0.28187293180991E+01 0.24951895964437E-14 -.37668809157405E-13 0.56930971163455E-12
0.28883519322561E+01 0.87210657790680E-15 -.13151707251328E-13 0.19854786476540E-12
0.29596942249828E+01 0.29731681949910E-15 -.44789587080316E-14 0.67544232811550E-13
0.30327986723399E+01 0.98805586497104E-16 -.14869445306613E-14 0.22399884616348E-13
0.31077087995467E+01 0.31987214712610E-16 -.48090125105785E-15 0.72369949549314E-14
0.31844692068955E+01 0.10081321203127E-16 -.15141659391863E-15 0.22763475016388E-14
0.32631255963058E+01 0.30910781028483E-17 -.46382335189257E-16 0.69661299548620E-15
0.33437247985346E+01 0.92140676297917E-18 -.13813076086915E-16 0.20725933740058E-15
0.34263148010584E+01 0.26682767441593E-18 -.39964617719203E-17 0.59909353443111E-16
0.35109447766445E+01 0.75011720827832E-19 -.11225060648547E-17 0.16811755663698E-16
0.35976651126276E+01 0.20455882389396E-19 -.30584478642474E-18 0.45765745767400E-17
0.36865274409095E+01 0.54070611193421E-20 -.80774713898106E-19 0.12076446284017E-17
0.37775846687000E+01 0.13842428593443E-20 -.20661656099265E-19 0.30864675847784E-18
0.38708910100169E+01 0.34293817730720E-21 -.51146285585623E-20 0.76339889340782E-19
0.39665020179643E+01 0.82149850424508E-22 -.12242117105637E-20 0.18257531037537E-19
0.40644746178080E+01 0.19011225982641E-22 -.28308480241149E-21 0.42184867527728E-20
0.41648671408679E+01 0.42465868253914E-23 -.63184155819042E-22 0.94082413941674E-21
0.42677393592473E+01 0.91474692972840E-24 -.13599849263139E-22 0.20234843418877E-21
0.43731525214207E+01 0.18983484046702E-24 -.28202545730864E-23 0.41929650659288E-22
0.44811693886998E+01 0.37918206047622E-25 -.56291669013267E-24 0.83628482874760E-23
0.45918542726007E+01 0.72792144433487E-26 -.10804374414818E-24 0.16039028617541E-23
0.47052730731340E+01 0.13408281622112E-26 -.19908351422087E-25 0.29562921303853E-24
